65 18 56 69 58 53 61 70 50 56 62.4733454909672
41 31 61 78 78 75 83 73 78 73 72.7446397617222
60 100 71 69 66 91 74 100 90 81 72.3197735127543
73 84 90 90 86 81 54 96 89 83 87.9632907140482
80 76 40 43 49 62 38 52 86 56 49.4027056718009
83 76 59 67 75 80 79 87 35 79 71.1784992801407
67 58 80 90 95 93 100 100 100 92 90.5759627334082
69 99 91 100 84 100 100 92 96 99 90.4063867182165
73 61 88 95 81 88 84 83 80 84 85.8913433739004
52 0 37 12 8 0 10 9 10 9 12.9628105306524
45 74 84 56 63 76 60 60 45 61 61.2216216785154
0 6 20 7 18 22 14 14 13 15 11.9299897740528
11 9 0 7 24 50 21 20 18 20 12.6341382299538
39 57 19 41 42 23 44 44 39 44 37.9850630913691
78 72 77 68 59 89 71 71 87 72 67.9391497287086
95 81 73 85 79 74 79 81 90 81 81.4780871667637
86 73 86 42 78 98 89 100 80 79 69.9685274243357
94 92 77 100 88 100 85 95 92 92 91.9999999999781
82 62 61 72 69 40 88 79 71 69 69.9633547538852
69 91 100 79 77 100 55 100 80 81 83.0032320772366
62 44 41 56 36 53 62 63 42 44 47.6595604386583
79 87 76 70 87 53 86 93 85 87 79.3764913836902
51 55 76 68 55 42 13 28 61 61 56.6481213566296
77 94 94 55 88 76 31 85 86 86 76.2690382770788
58 100 17 59 87 51 61 54 53 58 60.2486011681659
49 66 93 49 31 49 49 81 36 50 49.3765435064553
89 71 93 89 81 90 79 100 100 89 88.3425308025584
27 1 35 26 19 24 21 40 40 28 26.2941478732327
48 0 26 46 56 48 49 52 39 48 47.3041943354579
80 100 100 78 71 73 80 100 100 80 81.0413339724663
3 35 20 4 14 2 2 1 40 4 8.08142665491015
17 0 41 19 29 15 13 0 0 18 17.9999999999886
60 63 48 60 66 60 45 63 37 61 60.1131108498224
37 34 42 27 34 29 17 29 0 30 29.9999999999977
100 76 82 78 80 100 74 84 69 81 81.4679419692987
25 35 45 33 39 38 43 30 34 34 35.5164439337785
53 53 24 42 47 52 52 44 60 43 42.9999999999997
14 11 0 0 0 10 12 0 30 0 0.243156831080379
47 47 37 27 28 0 40 27 35 28 28.0000000000206
91 83 87 84 87 93 88 88 100 87 87.0000000000414
37 0 0 0 1 0 0 0 0 1 0.49908888107497
100 85 71 81 81 51 36 73 85 85 79.0412689815282
28 39 39 42 41 12 43 38 39 42 38.6576607896719
55 63 65 70 61 74 100 100 64 66 68.5784653467613
38 47 51 40 48 62 39 44 52 47 45.1922647576379
27 26 29 25 29 16 7 25 26 27 26.5987237320448
10 0 0 0 0 60 8 23 0 0 1.02352599808113
0 2 9 0 9 0 27 38 3 4 4.62083870310483
57 57 45 54 30 86 57 50 45 57 44.4073059179948
44 43 45 40 24 56 47 32 63 44 34.9332609339007
85 86 80 74 100 100 82 85 91 86 86.4137408852677
62 63 41 39 94 82 63 55 79 62 61.3731094786702
81 82 84 100 100 100 93 70 47 82 91.2082374871876
65 68 91 60 77 100 69 57 58 65 69.8098424445433
28 28 50 23 24 23 26 35 25 28 27.6572907965719
9 8 36 20 0 0 15 0 0 9 4.97452056753547
