65 18 56 69 58 53 61 70 50 56 58.2093495934959
41 31 61 78 78 75 83 73 78 73 75.0955284552846
60 100 71 69 66 91 74 100 90 81 75
73 84 90 90 86 81 54 96 89 83 86.1930894308943
80 76 40 43 49 62 38 52 86 56 53.0365853658537
83 76 59 67 75 80 79 87 35 79 76.1808943089431
67 58 80 90 95 93 100 100 100 92 93.0813008130081
69 99 91 100 84 100 100 92 96 99 96.0670731707317
73 61 88 95 81 88 84 83 80 84 83.229674796748
52 0 37 12 8 0 10 9 10 9 10.9837398373984
45 74 84 56 63 76 60 60 45 61 60.6036585365854
0 6 20 7 18 22 14 14 13 15 14.1382113821138
11 9 0 7 24 50 21 20 18 20 18.760162601626
39 57 19 41 42 23 44 44 39 44 41.3272357723577
78 72 77 68 59 89 71 71 87 72 72.4939024390244
95 81 73 85 79 74 79 81 90 81 81.3089430894309
86 73 86 42 78 98 89 100 80 79 86.1626016260163
94 92 77 100 88 100 85 95 92 92 92.1869918699187
82 62 61 72 69 40 88 79 71 69 71.3150406504065
69 91 100 79 77 100 55 100 80 81 80.6768292682927
62 44 41 56 36 53 62 63 42 44 53.2540650406504
79 87 76 70 87 53 86 93 85 87 85.0914634146341
51 55 76 68 55 42 13 28 61 61 55.3414634146341
77 94 94 55 88 76 31 85 86 86 85.0264227642276
58 100 17 59 87 51 61 54 53 58 58.8841463414634
49 66 93 49 31 49 49 81 36 50 50
89 71 93 89 81 90 79 100 100 89 89.2215447154472
27 1 35 26 19 24 21 40 40 28 26.2662601626016
48 0 26 46 56 48 49 52 39 48 48
80 100 100 78 71 73 80 100 100 80 80.979674796748
3 35 20 4 14 2 2 1 40 4 5.13008130081301
17 0 41 19 29 15 13 0 0 18 15.6260162601626
60 63 48 60 66 60 45 63 37 61 60.0528455284553
37 34 42 27 34 29 17 29 0 30 29.3313008130081
100 76 82 78 80 100 74 84 69 81 80.4959349593496
25 35 45 33 39 38 43 30 34 34 35.2825203252033
53 53 24 42 47 52 52 44 60 43 52.0813008130081
14 11 0 0 0 10 12 0 30 0 10.4735772357724
47 47 37 27 28 0 40 27 35 28 35.2032520325203
91 83 87 84 87 93 88 88 100 87 88.2723577235772
37 0 0 0 1 0 0 0 0 1 0.902439024390253
100 85 71 81 81 51 36 73 85 85 81.2804878048781
28 39 39 42 41 12 43 38 39 42 38.9878048780488
55 63 65 70 61 74 100 100 64 66 65.9451219512195
38 47 51 40 48 62 39 44 52 47 47.3556910569106
27 26 29 25 29 16 7 25 26 27 25.9959349593496
10 0 0 0 0 60 8 23 0 0 1.67479674796749
0 2 9 0 9 0 27 38 3 4 4
57 57 45 54 30 86 57 50 45 57 54.7621951219512
44 43 45 40 24 56 47 32 63 44 44.4085365853659
85 86 80 74 100 100 82 85 91 86 85.3475609756098
62 63 41 39 94 82 63 55 79 62 63.6585365853659
81 82 84 100 100 100 93 70 47 82 84.4776422764228
65 68 91 60 77 100 69 57 58 65 68.7621951219512
28 28 50 23 24 23 26 35 25 28 26.6260162601626
9 8 36 20 0 0 15 0 0 9 8.67682926829269
