65 18 56 69 58 53 61 70 50 56 57.9999562704603
41 31 61 78 78 75 83 73 78 73 77.99976264231
60 100 71 69 66 91 74 100 90 81 66.0000836542858
73 84 90 90 86 81 54 96 89 83 86.0000065773437
80 76 40 43 49 62 38 52 86 56 49.0000530806389
83 76 59 67 75 80 79 87 35 79 74.999857858831
67 58 80 90 95 93 100 100 100 92 94.999811309957
69 99 91 100 84 100 100 92 96 99 84.000109509273
73 61 88 95 81 88 84 83 80 84 81.0000413931156
52 0 37 12 8 0 10 9 10 9 6.85722727623437
45 74 84 56 63 76 60 60 45 61 62.999936846951
0 6 20 7 18 22 14 14 13 15 14.9999989431317
11 9 0 7 24 50 21 20 18 20 19.9999986203142
39 57 19 41 42 23 44 44 39 44 41.9999431002515
78 72 77 68 59 89 71 71 87 72 59.0001581117665
95 81 73 85 79 74 79 81 90 81 79.0000674732563
86 73 86 42 78 98 89 100 80 79 77.999718751612
94 92 77 100 88 100 85 95 92 92 88.0000707979176
82 62 61 72 69 40 88 79 71 69 69.0000157598833
69 91 100 79 77 100 55 100 80 81 77.0000572122631
62 44 41 56 36 53 62 63 42 44 36.0001622826146
79 87 76 70 87 53 86 93 85 87 86.9998418259304
51 55 76 68 55 42 13 28 61 61 55.0001053392428
77 94 94 55 88 76 31 85 86 86 87.9997355785223
58 100 17 59 87 51 61 54 53 58 86.999429042304
49 66 93 49 31 49 49 81 36 50 31.0002190945898
89 71 93 89 81 90 79 100 100 89 81.0000871771149
27 1 35 26 19 24 21 40 40 28 19.0000022639174
48 0 26 46 56 48 49 52 39 48 47.9999956365363
80 100 100 78 71 73 80 100 100 80 71.000169665818
3 35 20 4 14 2 2 1 40 4 13.9998977068676
17 0 41 19 29 15 13 0 0 18 21.932792761019
60 63 48 60 66 60 45 63 37 61 65.9998581301091
37 34 42 27 34 29 17 29 0 30 29.9999970440841
100 76 82 78 80 100 74 84 69 81 80.0000022770832
25 35 45 33 39 38 43 30 34 34 38.9999243989607
53 53 24 42 47 52 52 44 60 43 46.9999425433221
14 11 0 0 0 10 12 0 30 0 0
47 47 37 27 28 0 40 27 35 28 28.0000644411196
91 83 87 84 87 93 88 88 100 87 86.9999967907679
37 0 0 0 1 0 0 0 0 1 0.336139502717621
100 85 71 81 81 51 36 73 85 85 81.0000225629988
28 39 39 42 41 12 43 38 39 42 40.9999682382418
55 63 65 70 61 74 100 100 64 66 61.0000550175496
38 47 51 40 48 62 39 44 52 47 47.9999330991637
27 26 29 25 29 16 7 25 26 27 28.9999603195938
10 0 0 0 0 60 8 23 0 0 0
0 2 9 0 9 0 27 38 3 4 3.99999966593798
57 57 45 54 30 86 57 50 45 57 30.0002130360463
44 43 45 40 24 56 47 32 63 44 24.0001816570784
85 86 80 74 100 100 82 85 91 86 99.9997053574469
62 63 41 39 94 82 63 55 79 62 93.9991882314307
81 82 84 100 100 100 93 70 47 82 99.9998047042664
65 68 91 60 77 100 69 57 58 65 76.9998368582815
28 28 50 23 24 23 26 35 25 28 24.0000393673018
9 8 36 20 0 0 15 0 0 9 0
