0.626422431982715 0.748087121660947 0.512718180032647 0.30176771222008 0.4 0.487568600588067
0.318222913670292 0.721153804904132 0.58013041968963 0.341316838923197 0.4 0.473357364391758
0.225017580185205 0.75752748256787 0.339664436663384 0.240904306737755 0.4 0.391096363324193
0 0.862080773629847 0.759471277199048 0.240904306737755 0.4 0.384063517085779
0.787561530648217 0.825707095966108 0.639314597208176 0.30176771222008 0.6 0.53525739494022
0.225017580185205 0.59456749775507 0.525704951500799 0.510019606035228 0.6 0.500811942758189
0.71156806696482 0.85576003239515 0.949357586376027 0.563170794626325 0.8 0.707061067444541
0.675052740555614 0.767219615885497 0.344905141083111 0.436829205373675 0.4 0.55360798732451
0.893010836681381 0.721153804904132 0.799532506103631 0.563170794626325 0.8 0.670742593914461
0.763071740410204 0.762341241158298 0.810105599189272 0.49197694201032 0.8 0.6355732213236
0 0.782260388201482 0.587243392199803 0.220188608780942 0.4 0.342257387081316
0.665610978487843 0.881730610945764 0.879677014649635 0.681850475119814 0.8 0.762871613045737
0.55117825460955 0.743457333441603 0.512718180032647 0.360795757736647 0.6 0.511762106006423
0.684364252704469 0.862080773629847 0.671135364541484 0.199251348355558 0.2 0.471118544631325
0.779483762953957 0.657787950096322 0.298767508619514 0.240904306737755 0.4 0.419112116117458
0.787561530648217 0.71685276701052 0.587243392199803 0.809219953705069 0.6 0.752943273483295
0.811312423238586 0.729911661459648 0.759471277199048 0.240904306737755 0.4 0.48292255078297
0 0.708400445118073 0.934224745191514 0.82457387703257 0.8 0.624697792694189
0.79555728417573 0.633198533361192 0.905897178570416 0.614916940156927 0.4 0.665900946341966
0.646313792973152 0.767219615885497 0.355477697957986 0.135061493153596 0.4 0.3706092590538
0.595340557787587 0.924536907160864 0.573091162707752 0.82457387703257 0.4 0.803638669147791
0.463885625362245 0.721153804904132 0.141524680501064 0.261403082406245 0.4 0.398018966986199
0.573684516132894 0.61986002860842 0.49995345375539 0.380082762899733 0.4 0.487539343927412
0.646313792973152 0.704246874647997 0.663020978316655 0.4737664368408 0.6 0.583555472055025
0.595340557787587 0.808800165709973 0.212574960407166 0.220188608780942 0.6 0.418191071430551
0.71156806696482 0.725506353457643 0.450907375264168 0.220188608780942 0.4 0.433962578333882
0.389741881476979 0.777177319883788 0.59443244577537 0.665330417680936 0.6 0.659828009069109
0.435744670330595 0.777177319883788 0.832035807750534 0.220188608780942 0.4 0.450710407543775
0.194870940738489 0.762341241158298 0.71351356259191 0.418095902714343 0.6 0.516755229531937
0.562543950463012 0.64353383059897 0.334453425336898 0.360795757736647 0.4 0.46635027839501
0.87148934066119 0.767219615885497 0.769179566375217 0.45538493851146 0.6 0.624861123869613
0.787561530648217 0.688091616759741 0.49995345375539 0.360795757736647 0.6 0.517878624583151
0.373149442354017 0.762341241158298 0.573091162707752 0.240904306737755 0.4 0.433093817100273
0.79555728417573 0.743457333441603 0.433265446501317 0.281689431707104 0.4 0.482348597522502
0.934568200571252 0.748087121660947 0.779084042081697 0.82457387703257 0.6 0.805782599975134
0.503154605426628 0.917043168263529 0.47504696087402 0.648669762318418 0.6 0.696926670616634
0.646313792973152 0.734371023668687 0.671135364541484 0.545613590043203 0.6 0.629442582040921
0.225017580185205 0.729911661459648 0.799532506103631 0.261403082406245 0.4 0.43434579707293
0.746298884708034 0.738885783097605 0.59443244577537 0.281689431707104 0.6 0.491765083111898
0 0.473593475118589 0.919765497616754 0.49197694201032 0.4 0.414185746641255
0.927771250724491 0.610167895290793 0.779084042081697 0.914251320567156 0.6 0.794032572452608
0.562543950463012 0.752776650730317 0.601700075244073 0.714478150220245 0.6 0.69816359778411
0.477334370505438 0.70014023818203 0.415992460822536 0.220188608780942 0.4 0.402220761530259
0.159111456835146 0.831522155387879 0.545628012187509 0.631866095289914 0.8 0.615983981961983
0.159111456835146 0.734371023668687 0.344905141083111 0.281689431707104 0.6 0.398364803672315
0.646313792973152 0.661440578432896 0.655015524850102 0.49197694201032 0.4 0.578693794341217
0.420969345526985 0.75752748256787 0.663020978316655 0.4737664368408 0.4 0.573267982722721
0.646313792973152 0.347264830837688 0.207993644798428 0.240904306737755 0.4 0.3084897497845
0.737769474475838 0.75752748256787 0.538925775350605 0.45538493851146 0.6 0.587812511302683
0.595340557787587 0.729911661459648 0.450907375264168 0.220188608780942 0.4 0.424618218078775
0.665610978487843 0.837431772754848 0.879677014649635 0.665330417680936 0.8 0.740960126277058
0.616236022513321 0.71685276701052 0.647114731337652 0.681850475119814 0.6 0.68263700190694
0.914025731571428 0.165969981914185 0.663020978316655 0.261403082406245 0.4 0.307683692816389
0.159111456835146 0.825707095966108 0.481198848912242 0.32164214880212 0.4 0.456088302925564
0.656033342777212 0.772164365091982 0.769179566375217 0.762422142981882 0.6 0.75408334907702
0 0.75752748256787 0.687709551082882 0.220188608780942 0.4 0.34374241508047
0.787561530648217 0.748087121660947 0.180914355372822 0.178087734783251 0.4 0.38810415878579
0.856841417760529 0.672624028821811 0.274068541742796 0.341316838923197 0.4 0.484005729507925
0 0.721153804904132 0.696179515980184 0.220188608780942 0.4 0.336016243189568
0.490414446273684 0.734371023668687 0.722390365774633 0.436829205373675 0.6 0.561368508311521
0.515580046947248 0.792644907821717 0.965267970042682 0.30176771222008 0.6 0.524250912751534
0.463885625362245 0.729911661459648 0.559224925314669 0.418095902714343 0.4 0.532814606445488
0.420969345526985 0.868513392181208 0.687709551082882 0.614916940156927 0.6 0.677511944320739
0.826767381914326 0.647045292314886 0.631611370442549 0.580571933104292 0.6 0.633177845396101
0 0.672624028821811 0.905897178570416 0.614916940156927 0.2 0.525747414869153
0.35578403348241 0.762341241158298 0.769179566375217 0.281689431707104 0.6 0.470872823886485
0.45003516037041 0.591526195820528 1 0.563170794626325 0.6 0.595489616208971
0.693550761103935 0.797950600011804 0.624001526477095 0.839808313364644 0.8 0.787255385086822
0.636445827340584 0.708400445118073 0.587243392199803 0.436829205373675 0.8 0.557954326163157
0.720407760766187 0.797950600011804 0.779084042081697 0.648669762318418 0.8 0.717644307157779
0.914025731571428 0.582552074182571 0.98208969565326 0.681850475119814 0.6 0.697193760333739
0.803473472028271 0.738885783097605 0.779084042081697 0.220188608780942 0.6 0.472522777759784
0.834387518869721 0.75752748256787 0.538925775350605 0.32164214880212 0.6 0.523470193730102
0.729140294881755 0.782260388201482 0.150157055981403 0.436829205373675 0.4 0.535019602472782
0.656033342777212 0.729911661459648 0.679363255225196 0.778146044296872 0.8 0.738296506360357
0.159111456835146 0.752776650730317 0.679363255225196 0.49197694201032 0.6 0.540792681179948
0.194870940738489 0.738885783097605 0.905897178570416 0.360795757736647 0.2 0.494935672129416
0.626422431982715 0.743457333441603 0.468942949634123 0.240904306737755 0.6 0.445723317802753
0.389741881476979 0.803334897903573 0.545628012187509 0.156692820308098 0.4 0.387139476594167
0.463885625362245 0.752776650730317 0.905897178570416 0.418095902714343 0.4 0.568311884710269
0.787561530648217 0.597634464988188 0.855153975404023 0.648669762318418 0.6 0.66428186055023
0.646313792973152 0.75752748256787 0.587243392199803 0.527897494571721 0.6 0.619850459694577
0.515580046947248 0.738885783097605 0.0951901833195501 0.32164214880212 0.4 0.43239540755946
0.819076355384141 0.654171666923067 0.949357586376027 0.714478150220245 0.8 0.725846995282163
0.819076355384141 0.142338484392401 0.759471277199048 0.156692820308098 0.6 0.241647216573369
0.503154605426628 0.221680596779536 0.892552763522339 0.436829205373675 0.6 0.396232563044607
0.225017580185205 0.881730610945764 0.249973735995491 0.730590300342702 0.8 0.651165563970484
0.373149442354017 0.752776650730317 0.71351356259191 0.360795757736647 0.6 0.510991677920219
0.573684516132894 0.725506353457643 0.324118499535554 0.30176771222008 0.6 0.457051732600649
0.626422431982715 0.684162568110802 0.288812495926713 0.240904306737755 0.6 0.411861332302247
0.665610978487843 0.712602034807392 0.552393781596954 0.49197694201032 0.4 0.586934290911862
0.636445827340584 0.743457333441603 0.415992460822536 0.30176771222008 0.6 0.477869585324051
0.720407760766187 0.712602034807392 0.235789056978223 0.199251348355558 0.4 0.395124871189441
0 0.752776650730317 0.731416390285271 0.341316838923197 0.6 0.410141493363256
0.435744670330595 0.668857845270967 0.506308771525534 0.261403082406245 0.4 0.422499854147209
0.636445827340584 0.803334897903573 0.98208969565326 0.82457387703257 0.8 0.809561543836549
0.337526370277807 0.582552074182571 0.71351356259191 0.527897494571721 0.2 0.538734739562394
0 0.95615975298705 0.350176052042464 0.839808313364644 0.8 0.646777372398581
0.779483762953957 0.209834309328689 0.843434255707951 0.436829205373675 0.4 0.412110993719648
0.967837207777989 0.676429649566587 0.740599424456121 0.49197694201032 0.8 0.622018306841329
0.373149442354017 0.721153804904132 0.456874196298115 0.220188608780942 0.4 0.400000000000106
0.275589127304775 0.743457333441603 0.679363255225196 0.510019606035228 0.4 0.56763719770715
0.159111456835146 0.672624028821811 0.71351356259191 0.665330417680936 0.6 0.598481240858209
0.389741881476979 0.61986002860842 0.231104311593892 0.220188608780942 0.4 0.353450379351838
0.562543950463012 0.772164365091982 0.481198848912242 0.436829205373675 0.6 0.558290900960601
0.112508790092602 0.767219615885497 0.329271608040324 0.49197694201032 0.4 0.500171103499806
0.79555728417573 0.396900950119312 0.371572567378153 0.0910682891980452 0.4 0.25714794424525
0.112508790092602 0.738885783097605 0.616481749354921 0.4737664368408 0.6 0.512525427488299
0.515580046947248 0.782260388201482 0.740599424456121 0.281689431707104 0.4 0.492742074263657
0.665610978487843 0.762341241158298 0.740599424456121 0.563170794626325 0.8 0.655241621289581
0.405656211619293 0.75752748256787 0.671135364541484 0.30176771222008 0.4 0.479907569333
0.71156806696482 0.688091616759741 0.552393781596954 0.341316838923197 0.8 0.505081386532522
0.515580046947248 0.734371023668687 0.71351356259191 0.30176771222008 0.4 0.489571475273901
0.275589127304775 0.708400445118073 0.493650879947444 0.4737664368408 0.6 0.52284033434728
0.684364252704469 0.712602034807392 0.439103930466651 0.32164214880212 0.4 0.487628964889773
0.318222913670292 0.808800165709973 0.820933575344008 0.220188608780942 0.4 0.44364459190929
0.389741881476979 0.688091616759741 0.545628012187509 0.39918159915904 0.6 0.500754705188402
0.787561530648217 0.680275542178024 0.587243392199803 0.45538493851146 0.8 0.573969995125993
0.275589127304775 0.825707095966108 0.609048914839148 0.39918159915904 0.6 0.528821921161745
0.656033342777212 0.71685276701052 0.855153975404023 0.45538493851146 0.8 0.595159882771929
0.787561530648217 0.819983616098888 0.749947958653192 0.510019606035228 0.4 0.659748070759456
0.194870940738489 0.738885783097605 0.59443244577537 0.178087734783251 0.4 0.36552136661259
0.527713002169008 0.782260388201482 0.779084042081697 0.580571933104292 0.6 0.657248012704943
0.251577302713314 0.712602034807392 0.934224745191514 0.510019606035228 0.4 0.575040266054573
0.626422431982715 0.787415559179925 0.879677014649635 0.39918159915904 0.6 0.584738374825042
0.562543950463012 0.762341241158298 0.259541978854217 0.281689431707104 0.4 0.446497120641919
0.71156806696482 0.81434887593674 0.58013041968963 0.527897494571721 0.6 0.643270304568083
0.967837207777989 0.762341241158298 0.879677014649635 0 0.6 0.242454548424065
0.779483762953957 0.777177319883788 0.820933575344008 0.730590300342702 0.8 0.760016823150468
0.605878376899965 0.725506353457643 0.47504696087402 0.220188608780942 0.4 0.426679796602521
0.616236022513321 0.738885783097605 0.387964648155136 0.240904306737755 0.6 0.435740676514419
0.225017580185205 0.862080773629847 0.949357586376027 0.240904306737755 0.4 0.465494551432612
0.35578403348241 0.650591012734727 0.235789056978223 0.30176771222008 0.6 0.403211136066332
0.636445827340584 0.803334897903573 0.919765497616754 0.82457387703257 0.8 0.804084211829647
0.71156806696482 0.917043168263529 0.456874196298115 0.580571933104292 0.4 0.686586317400182
0.539573202175876 0.808800165709973 0.439103930466651 0.360795757736647 0.4 0.521110953986215
0.389741881476979 0.81434887593674 0.779084042081697 0.89958746781456 0.6 0.793291489916463
0.584612822215468 0.721153804904132 0.0787920462607891 0.220188608780942 0.4 0.37434980246258
0.771321404383905 0.831522155387879 0.696179515980184 0.341316838923197 0.6 0.56390570154904
0.626422431982715 0.743457333441603 0.387964648155136 0.240904306737755 0.6 0.437870069406995
0.112508790092602 0.738885783097605 0.769179566375217 0.436829205373675 0.4 0.507165605218281
0.55117825460955 0.752776650730317 0.696179515980184 0.220188608780942 0.4 0.446742032610253
0.787561530648217 0.696079486882504 0.779084042081697 0.714478150220245 0.8 0.72222859860742
0.503154605426628 0.752776650730317 0.538925775350605 0.418095902714343 0.6 0.542047375628312
0 0.606993783758458 0.71351356259191 0.39918159915904 0.4 0.398677591617687
0.746298884708034 0.734371023668687 0.450907375264168 0.563170794626325 0.4 0.626211905108977
0.900070320740819 0.633198533361192 0.879677014649635 0.665330417680936 0.8 0.697931723260323
0.55117825460955 0.752776650730317 0.687709551082882 0.45538493851146 0.6 0.580486509859439
0.527713002169008 0.767219615885497 0.779084042081697 0.563170794626325 0.6 0.644126629403847
0.194870940738489 0.676429649566587 0.283873084486783 0.360795757736647 0.4 0.42388104903073
0.636445827340584 0.729911661459648 0.08287015353909 0.240904306737755 0.4 0.394142185792937
0.787561530648217 0.657787950096322 0.892552763522339 0.681850475119814 0.6 0.703940362940788
0 0.582552074182571 0.696179515980184 0.580571933104292 0.6 0.468677987630574
0.55117825460955 0.738885783097605 0.934224745191514 0.240904306737755 0.4 0.473562573275735
0.35578403348241 0.606993783758458 0.934224745191514 0.360795757736647 0.8 0.483159977596331
0.55117825460955 0.748087121660947 0.810105599189272 0.341316838923197 0.4 0.52753352918641
0.45003516037041 0.767219615885497 0.769179566375217 0.281689431707104 0.4 0.483590075051206
0 0.734371023668687 0.631611370442549 0.49197694201032 0.4 0.468737682446726
0 0.692063606681291 0.892552763522339 0.614916940156927 0.8 0.53052219943447
0 0.808800165709973 0.552393781596954 0.32164214880212 0.4 0.400165030266294
0.746298884708034 0.70014023818203 0.616481749354921 0.436829205373675 0.6 0.569202689736677
0.636445827340584 0.831522155387879 0.740599424456121 0.580571933104292 0.8 0.681867145116303
0.907074864675779 0.762341241158298 0.855153975404023 0.665330417680936 0.6 0.740623876338525
0.737769474475838 0.623149041646713 0.663020978316655 0.49197694201032 0.4 0.576491052169072
0.420969345526985 0.803334897903573 0.624001526477095 0.240904306737755 0.4 0.453262351154212
0.490414446273684 0.64353383059897 0.587243392199803 0.240904306737755 0.4 0.416131772903997
0.746298884708034 0.517770702647398 0.559224925314669 0.32164214880212 0.2 0.44703647144896
0.527713002169008 0.752776650730317 0.704778815762641 0.45538493851146 0.6 0.579268112538888
0.934568200571252 0.676429649566587 0.679363255225196 0.49197694201032 0.6 0.613587201011994
0.834387518869721 0.75752748256787 0.538925775350605 0.32164214880212 0.6 0.523470193730102
0.779483762953957 0.895446708938024 0.965267970042682 0.714478150220245 0.8 0.803716040288964
0.318222913670292 0.640055971902848 0.609048914839148 0.527897494571721 0.4 0.545156342920237
0.616236022513321 0.81434887593674 0.855153975404023 0.436829205373675 0.6 0.610090006763188
0.605878376899965 0.626468091749391 0.189864603230453 0.156692820308098 0.4 0.330855865813794
0.527713002169008 0.721153804904132 0.843434255707951 0.32164214880212 0.6 0.508642408825796
0.834387518869721 0.734371023668687 0.867223768208949 0.220188608780942 0.4 0.48032222221841
0.665610978487843 0.725506353457643 0.655015524850102 0.545613590043203 0.6 0.627279645686753
0.159111456835146 0.738885783097605 0.226440812548865 0.281689431707104 0.4 0.386157547788302
0.251577302713314 0.734371023668687 0.298767508619514 0.341316838923197 0.4 0.439762421128284
0.71156806696482 0.692063606681291 0.740599424456121 0.347831370703954 0.6 0.525953575326013
0.787561530648217 0.324777238755985 0.820933575344008 0.4737664368408 0.6 0.478036161498855
0 0.797950600011804 0.779084042081697 0.545613590043203 0.6 0.521680748855148
0.779483762953957 0.752776650730317 0.820933575344008 0.527897494571721 0.4 0.653660796362228
0.463885625362245 0.708400445118073 0.545628012187509 0.220188608780942 0.4 0.414364956038151
0 0.473593475118589 0.919765497616754 0.49197694201032 0.4 0.414185746641255
0.194870940738489 0.738885783097605 0.339664436663384 0.30176771222008 0.6 0.415829323808317
0.914025731571428 0.582552074182571 0.98208969565326 0.681850475119814 0.6 0.697193760333739
0.420969345526985 0.71685276701052 0.639314597208176 0.281689431707104 0.6 0.456621728432305
0.787561530648217 1 0.843434255707951 0.762422142981882 0.6 0.849554969593396
0.389741881476979 0.591526195820528 0.671135364541484 0.580571933104292 0.8 0.569300848170378
0.515580046947248 0.734371023668687 0.71351356259191 0.30176771222008 0.4 0.489571475273901
0.490414446273684 0.729911661459648 0.687709551082882 0.436829205373675 0.4 0.557111311910347
0.746298884708034 0.808800165709973 0.58013041968963 0.614916940156927 0.6 0.688241320979573
0 0.895446708938024 0.934224745191514 0.809219953705069 0.8 0.675139864571568
0.515580046947248 0.708400445118073 0.450907375264168 0.178087734783251 0.4 0.384167976607447
0.811312423238586 0.782260388201482 0.679363255225196 0.135061493153596 0.6 0.414943537075135
0.771321404383905 0.597634464988188 0.892552763522339 0.30176771222008 0.6 0.48838106795571
0.337526370277807 0.825707095966108 0.843434255707951 0.580571933104292 0.6 0.649786516200598
0.503154605426628 0.668857845270967 0.217176413958118 0.178087734783251 0.4 0.349555018529433
0 0.725506353457643 0.749947958653192 0.220188608780942 0.4 0.340526020238649
0.834387518869721 0.782260388201482 0.832035807750534 0.49197694201032 0.6 0.650651309277093
0.515580046947248 0.636611079188001 0.663020978316655 0.240904306737755 0.4 0.422726279106945
0.746298884708034 0.762341241158298 0.779084042081697 0.178087734783251 0.8 0.444549828605774
0.616236022513321 0.843439074159581 0.487399758303867 0.380082762899733 0.6 0.55431908720384
0.573684516132894 0.743457333441603 0.0993259349065139 0.240904306737755 0.4 0.39511027004472
0.616236022513321 0.767219615885497 0.360810622834665 0.135061493153596 0.4 0.368567678157967
0 0.862080773629847 0.759471277199048 0.240904306737755 0.4 0.384063517085779
0.914025731571428 1 0.339664436663384 0.614916940156927 0.6 0.733818153535825
0.927771250724491 0.71685276701052 0.769179566375217 0.665330417680936 0.4 0.719699109484658
0.55117825460955 0.752776650730317 0.696179515980184 0.220188608780942 0.4 0.446742032610253
0.573684516132894 0.787415559179925 0.180914355372822 0.220188608780942 0.4 0.406624166440816
0.527713002169008 0.772164365091982 0.387964648155136 0.178087734783251 0.4 0.395099245451794
0.907074864675779 0.738885783097605 0.98208969565326 0.527897494571721 0.4 0.675060778257774
0.826767381914326 0.71685276701052 0.47504696087402 0.436829205373675 0.6 0.568043321277829
0 0.787415559179925 0.892552763522339 0.341316838923197 0.6 0.429810384677215
0.112508790092602 0.738885783097605 0.769179566375217 0.436829205373675 0.4 0.507165605218281
0 0.81434887593674 0.810105599189272 0.341316838923197 0.8 0.430854977956765
0.503154605426628 0.696079486882504 0.512718180032647 0.261403082406245 0.6 0.437502479527998
0.616236022513321 0.762341241158298 0.799532506103631 0.418095902714343 0.6 0.58028779799229
0.251577302713314 0.743457333441603 0.843434255707951 0.199251348355558 0.4 0.406233601439318
0.503154605426628 0.85576003239515 0.799532506103631 0.648669762318418 0.4 0.711368778078128
0.702617168930528 0.748087121660947 0.616481749354921 0.778146044296872 0.8 0.743407269810118
0.503154605426628 0.772164365091982 0.609048914839148 0.199251348355558 0.4 0.42620091918865
0 0.688091616759741 0.71351356259191 0.341316838923197 0.6 0.392631656986396
0.373149442354017 0.696079486882504 0.481198848912242 0.261403082406245 0.4 0.420371342381236
0.702617168930528 0.738885783097605 0.532285314236051 0.510019606035228 0.6 0.605774916734082
0.787561530648217 0.748087121660947 0.393497630618372 0.341316838923197 0.6 0.513251077639849
0.194870940738489 0.712602034807392 0.51918308436093 0.39918159915904 0.4 0.476803835226003
0.656033342777212 0.782260388201482 0.456874196298115 0.380082762899733 0.8 0.538419464083384
0.337526370277807 0.748087121660947 0.722390365774633 0.563170794626325 0.6 0.607757608686343
0.720407760766187 0.792644907821717 0.647114731337652 0.510019606035228 0.8 0.635142178200234
0.626422431982715 0.70014023818203 0.59443244577537 0.341316838923197 0.6 0.504074106571697
0.787561530648217 0.71685276701052 0.631611370442549 0.436829205373675 0.6 0.579616852619846
0.573684516132894 0.772164365091982 0.339664436663384 0.30176771222008 0.4 0.471156815032078
0.763071740410204 0.734371023668687 0.965267970042682 0.418095902714343 0.6 0.60000000000013
0.914025731571428 0.588510133197105 0.892552763522339 0.614916940156927 0.8 0.660755054650563
0.79555728417573 0.216248007430229 0.377002759040287 0.240904306737755 0.6 0.289967731723307
0.194870940738489 0.743457333441603 0.919765497616754 0.730590300342702 0.4 0.674489455337187
0.573684516132894 0.895446708938024 0.399066196062592 0.510019606035228 0.6 0.622752991401715
0.420969345526985 0.708400445118073 0.616481749354921 0.436829205373675 0.6 0.536122299949829
0.275589127304775 0.843439074159581 0.843434255707951 0.49197694201032 0.8 0.601323024367791
0.787561530648217 0.676429649566587 0.78919710171163 0.545613590043203 0.4 0.636249722397665
0.907074864675779 0.825707095966108 0.769179566375217 0.32164214880212 0.4 0.569061725882422
0.55117825460955 0.650591012734727 0.704778815762641 0.341316838923197 0.6 0.491299401224206
0.159111456835146 0.777177319883788 0.687709551082882 0.746570921242214 0.8 0.664088776183947
0.159111456835146 0.748087121660947 0.722390365774633 0.30176771222008 0.4 0.445416776580746
0.900070320740819 0.849547343327241 0.552393781596954 0.563170794626325 0.6 0.687873008161408
0.159111456835146 0.708400445118073 0.308826770812187 0.341316838923197 0.4 0.41920608009287
0.477334370505438 0.748087121660947 0.49995345375539 0.30176771222008 0.4 0.470905757445183
0.55117825460955 0.748087121660947 0.810105599189272 0.341316838923197 0.4 0.52753352918641
0.71156806696482 0.808800165709973 0 0.681850475119814 0.6 0.598596536952358
0.779483762953957 0.729911661459648 0.456874196298115 0.178087734783251 0.4 0.413222268248225
0.35578403348241 0.70014023818203 0.639314597208176 0.240904306737755 0.4 0.420328267427737
0.626422431982715 0.767219615885497 0.59443244577537 0.220188608780942 0.6 0.449676758237934
0 0.909700828435375 0.481198848912242 1 0.6 0.712471419469566
0.779483762953957 0.825707095966108 0.769179566375217 0.199251348355558 0.6 0.478062503041496
0.763071740410204 0.64353383059897 0.949357586376027 0.665330417680936 0.8 0.693417576143241
0.702617168930528 0.636611079188001 0.704778815762641 0.261403082406245 0.4 0.456023427692185
0.477334370505438 0.335098558052557 0.58013041968963 0.39918159915904 0.6 0.400647385538018
0.927771250724491 0.151246613209855 0.525704951500799 0.199251348355558 0.4 0.261211172763843
0.584612822215468 0.676429649566587 0.399066196062592 0.156692820308098 0.6 0.363335598891564
0.616236022513321 0.81434887593674 0.820933575344008 0.341316838923197 0.6 0.55387456174967
0.71156806696482 0.772164365091982 0.759471277199048 0.380082762899733 0.6 0.568869092525331
0.720407760766187 0.688091616759741 0.552393781596954 0.436829205373675 0.6 0.557028426920722
0.463885625362245 0.338102157465118 0.843434255707951 0.39918159915904 0.6 0.41951397653781
0.515580046947248 0.738885783097605 0.704778815762641 0.30176771222008 0.4 0.490116779598588
0.55117825460955 0.743457333441603 0.512718180032647 0.360795757736647 0.6 0.511762106006423
0.35578403348241 0.782260388201482 0.481198848912242 0.178087734783251 0.4 0.387884618477714
0.974354703692446 0.721153804904132 0.616481749354921 0.597819755594479 0.8 0.678428469501769
0.463885625362245 0.85576003239515 0.249973735995491 0.839808313364644 0.6 0.728356686376064
0.675052740555614 0.734371023668687 0.892552763522339 0.510019606035228 0.6 0.633794388890446
0.527713002169008 0.777177319883788 0.631611370442549 0.156692820308098 0.4 0.401907944370619
0.684364252704469 0.762341241158298 0.905897178570416 0.178087734783251 0.4 0.447921703189916
0.159111456835146 0.777177319883788 0.820933575344008 0.178087734783251 0.2 0.384563741192395
0.373149442354017 0.721153804904132 0.71351356259191 0.32164214880212 0.4 0.480684725474123
0.573684516132894 0.767219615885497 0.78919710171163 0.178087734783251 0.4 0.430852590096042
0.337526370277807 0.888523957527054 0.704778815762641 0.580571933104292 0.4 0.656063262182135
0.636445827340584 0.696079486882504 0.217176413958118 0.545613590043203 0.4 0.564574529557102
0.159111456835146 0.729911661459648 0.308826770812187 0.281689431707104 0.6 0.393472852825857
0.337526370277807 0.692063606681291 0.573091162707752 0.45538493851146 0.8 0.52569280876298
0.763071740410204 0.610167895290793 0.965267970042682 0.510019606035228 0.6 0.608384267877273
0.907074864675779 0.797950600011804 0.749947958653192 0.580571933104292 0.6 0.700911153844757
0.693550761103935 0.734371023668687 0.462885714494757 0.30176771222008 0.4 0.485491800316537
0.71156806696482 0.895446708938024 0.949357586376027 0.82457387703257 0.8 0.846516749442274
0.297670278893794 0.762341241158298 0.559224925314669 0.240904306737755 0.4 0.422453882316697
0.900070320740819 0.684162568110802 0.624001526477095 0.436829205373675 0.4 0.579291604191709
0.787561530648217 0.71685276701052 0.0910690716990418 0.220188608780942 0.4 0.392696225751055
0.675052740555614 0.721153804904132 0.855153975404023 0.49197694201032 0.6 0.617436574373892
0.737769474475838 0.782260388201482 0.779084042081697 0.563170794626325 0.8 0.672688422825525
0.616236022513321 0.831522155387879 0.919765497616754 0.614916940156927 0.8 0.712138240322195
0.656033342777212 0.909700828435375 0.98208969565326 0.527897494571721 0.8 0.701336631919392
0.71156806696482 0.782260388201482 0.832035807750534 0.45538493851146 0.6 0.618900844785601
0.684364252704469 0.940004495098794 0.49995345375539 0.714478150220245 0.6 0.760150390087583
0.787561530648217 0.684162568110802 0.382466575144138 0.4737664368408 0.8 0.563186191591761
0.702617168930528 0.843439074159581 0.532285314236051 0.527897494571721 0.8 0.646031252831035
0.159111456835146 0.721153804904132 0.71351356259191 0.436829205373675 0.6 0.507851311946689
0.45003516037041 0.81434887593674 0.867223768208949 0.436829205373675 0.8 0.591381123248032
0 0.81434887593674 0.696179515980184 0.281689431707104 0.4 0.391472506565099
0.864196414617635 0.708400445118073 0.573091162707752 0.527897494571721 0.6 0.625273609695952
0 0.895446708938024 0.98208969565326 0.39918159915904 0.4 0.492211120071146
0.159111456835146 0.777177319883788 0.318993627879382 0.545613590043203 0.6 0.536344965444526
0.693550761103935 0.672624028821811 0.843434255707951 0.220188608780942 0.4 0.449545665267315
0 0.797950600011804 0.679363255225196 0.597819755594479 0.6 0.536541190198362
0.803473472028271 0.140582763778253 0.462885714494757 0.178087734783251 0.4 0.233827461650147
0.616236022513321 0.721153804904132 0.566123375817332 0.380082762899733 0.6 0.527719207788657
0 0.684162568110802 0.740599424456121 0.220188608780942 0.6 0.330337394325351
0.35578403348241 0.808800165709973 0.532285314236051 0.199251348355558 0.4 0.412643770019444
0.35578403348241 0.71685276701052 0.226440812548865 0.30176771222008 0.4 0.419304441881242
0.675052740555614 0.767219615885497 0.344905141083111 0.436829205373675 0.4 0.55360798732451
0 0.721153804904132 0.919765497616754 0.281689431707104 0.2 0.384005835285125
0.87148934066119 0.505614604228817 0.843434255707951 0.220188608780942 0.4 0.416034392260869
0.275589127304775 0.752776650730317 0.355477697957986 0.240904306737755 0.4 0.398618770817694
0.55117825460955 0.62981773260671 0.26920267494633 0.199251348355558 0.4 0.363543549995357
0.194870940738489 0.782260388201482 0.512718180032647 0.809219953705069 0.6 0.682364324711488
0.225017580185205 0.797950600011804 0.905897178570416 0.49197694201032 0.6 0.584565860260616
0.967837207777989 0.676429649566587 0.740599424456121 0.49197694201032 0.8 0.622018306841329
0.636445827340584 0.81434887593674 0.49995345375539 0.32164214880212 0.4 0.516747442776308
0.878721741357398 0.616600513842155 0.303783903569547 0.156692820308098 0.4 0.362144994591093
0.79555728417573 0.696079486882504 0.587243392199803 0.436829205373675 0.4 0.569962837497198
0.503154605426628 0.932188420517078 0.49995345375539 0.510019606035228 0.4 0.635930582514023
0.665610978487843 0.688091616759741 0.439103930466651 0.436829205373675 0.6 0.540220238256706
0.562543950463012 0.734371023668687 0.663020978316655 0.527897494571721 0.4 0.610554390927513
0.405656211619293 0.704246874647997 0.892552763522339 0.614916940156927 0.4 0.642592833945657
0.275589127304775 0.837431772754848 0.71351356259191 0.597819755594479 0.2 0.640218711926626
0.225017580185205 0.808800165709973 0.820933575344008 0.32164214880212 0.4 0.491187897206801
0.787561530648217 0.767219615885497 0.810105599189272 0.32164214880212 0.8 0.545114741846129
0.646313792973152 0.849547343327241 0.740599424456121 0.360795757736647 0.6 0.571532828558299
0.834387518869721 0.734371023668687 0.456874196298115 0.49197694201032 0.8 0.600387729945829
0.771321404383905 0.712602034807392 0.421710547869801 0.156692820308098 0.4 0.389862913292778
0.194870940738489 0.688091616759741 0.832035807750534 0.261403082406245 0.4 0.420884601334148
0.754731908139941 0.59456749775507 0.450907375264168 0.510019606035228 0.6 0.557129919684408
0.927771250724491 0.71685276701052 0.616481749354921 0.341316838923197 0.6 0.538406385919418
0.194870940738489 0.738885783097605 0.616481749354921 0.510019606035228 0.6 0.546878871203962
0.893010836681381 0.692063606681291 0.843434255707951 0.240904306737755 0.4 0.485495557828788
0.573684516132894 0.668857845270967 0.71351356259191 0.199251348355558 0.6 0.414536157142761
0.787561530648217 0.721153804904132 0.410312880726068 0.281689431707104 0.4 0.473269877335171
0.71156806696482 0.895446708938024 0.949357586376027 0.82457387703257 0.8 0.846516749442274
0.490414446273684 0.734371023668687 0.240495341762506 0.240904306737755 0.4 0.405984353003404
0.405656211619293 0.85576003239515 0.799532506103631 0.32164214880212 0.6 0.527711018648795
0.490414446273684 0.752776650730317 0.663020978316655 0.436829205373675 0.4 0.561645906530156
0.573684516132894 0.725506353457643 0.278958557206555 0.32164214880212 0.4 0.462766608752811
0.337526370277807 0.692063606681291 0.573091162707752 0.45538493851146 0.8 0.52569280876298
0.893010836681381 0.782260388201482 0.879677014649635 0.380082762899733 0.4 0.598725908934535
0.626422431982715 0.743457333441603 0.468942949634123 0.240904306737755 0.6 0.445723317802753
0.893010836681381 0.70014023818203 0.587243392199803 0.49197694201032 0.6 0.608682911326433
0.225017580185205 1 0.965267970042682 0.220188608780942 0.4 0.48612616400119
0.159111456835146 0.672624028821811 0.905897178570416 0.527897494571721 0.2 0.552179762008507
0.779483762953957 0.576690117095038 0.573091162707752 0.281689431707104 0.6 0.446698113931188
0.490414446273684 0.762341241158298 0.647114731337652 0.809219953705069 0.6 0.738652665668815
0.779483762953957 0.825707095966108 0.769179566375217 0.199251348355558 0.6 0.478062503041496
0.754731908139941 0.803334897903573 0.919765497616754 0.746570921242214 0.8 0.782290256169121
0.515580046947248 0.738885783097605 0.679363255225196 0.240904306737755 0.4 0.451412666499547
0.55117825460955 0.708400445118073 0.740599424456121 0.380082762899733 0.4 0.532157707164382
0.225017580185205 0.792644907821717 0.879677014649635 0.220188608780942 0.6 0.430459006755303
0.584612822215468 0.623149041646713 0.334453425336898 0.199251348355558 0.4 0.371696279417456
0.656033342777212 0.729911661459648 0.892552763522339 0.4737664368408 0.6 0.611713564516533
0.225017580185205 0.59456749775507 0.525704951500799 0.510019606035228 0.6 0.500811942758189
0.787561530648217 0.772164365091982 0.616481749354921 0.240904306737755 0.4 0.480821600398671
0 0.64353383059897 0.722390365774633 0.4737664368408 0.6 0.442904246847611
0.754731908139941 0.762341241158298 0.810105599189272 0.681850475119814 0.8 0.72853580286747
0.656033342777212 0.831522155387879 0.799532506103631 0.510019606035228 0.6 0.653603405494389
0.194870940738489 0.743457333441603 0.587243392199803 0.563170794626325 0.2 0.570327257301153
0.194870940738489 0.696079486882504 0.820933575344008 0.261403082406245 0.4 0.422224275573871
0.927771250724491 0.0976791757782541 0.444984268971041 0.199251348355558 0.4 0.230284745644629
0.515580046947248 0.947992365221557 0.120229892861146 0.240904306737755 0.4 0.44178880151718
0.318222913670292 0.819983616098888 0.687709551082882 0.281689431707104 0.4 0.474646165269431
0.539573202175876 0.777177319883788 0.799532506103631 0.563170794626325 0.6 0.650410417652142
0.787561530648217 0.808800165709973 0.679363255225196 0.69823228777992 0.8 0.742542489288074
0.225017580185205 0.752776650730317 0.749947958653192 0.220188608780942 0.6 0.411660653870583
0.71156806696482 0.665130289924475 0.759471277199048 0.281689431707104 0.4 0.481331426970982
0.515580046947248 0.782260388201482 0.740599424456121 0.281689431707104 0.4 0.492742074263657
0.787561530648217 0.676429649566587 0.78919710171163 0.545613590043203 0.4 0.636249722397665
0.729140294881755 0.712602034807392 0.832035807750534 0.597819755594479 0.6 0.671217996832116
0.318222913670292 0.75752748256787 0.779084042081697 0.135061493153596 0.4 0.369150902176439
0.112508790092602 0.748087121660947 0.655015524850102 0.648669762318418 0.8 0.598372635312856
0.490414446273684 0.762341241158298 0.587243392199803 0.341316838923197 0.6 0.506420342587876
0.914025731571428 0.767219615885497 0.587243392199803 0.135061493153596 0 0.412051372338943
0.754731908139941 0.772164365091982 0.905897178570416 0.793744654230399 1 0.792393901016933
0.225017580185205 0.71685276701052 0.573091162707752 0.240904306737755 0.4 0.401997121122663
0.746298884708034 0.71685276701052 0.799532506103631 0.240904306737755 0.4 0.476671732170994
0.841938691053969 0.50323142545765 0.892552763522339 0.631866095289914 0.6 0.630563328336466
0 0.81434887593674 0.552393781596954 0.631866095289914 0.4 0.544289423980307
0.405656211619293 0.868513392181208 0.740599424456121 0.762422142981882 0.6 0.749031610574456
0.646313792973152 0.738885783097605 0.08287015353909 0.240904306737755 0.4 0.397218525715625
0.573684516132894 0.153054743607648 0.559224925314669 0.220188608780942 0.4 0.251621141284126
0.605878376899965 0.570921210884367 0.867223768208949 0.563170794626325 0.4 0.596803591872238
0.539573202175876 0.676429649566587 0.655015524850102 0.281689431707104 0.4 0.459760326031823
0.729140294881755 0.738885783097605 0.749947958653192 0.220188608780942 0.6 0.463887042400979
0.729140294881755 0.382987922585351 0.892552763522339 0.240904306737755 0.6 0.381347601564487
0.405656211619293 0.75752748256787 0.820933575344008 0.360795757736647 0.4 0.524907602440146
0.763071740410204 0.680275542178024 0.949357586376027 0.730590300342702 0.8 0.73645979489972
0.702617168930528 0.819983616098888 0.71351356259191 0.380082762899733 0.4 0.577750284890543
0 0.721153804904132 0.78919710171163 0.32164214880212 0.6 0.39636870456454
0.35578403348241 0.75752748256787 0.587243392199803 0.220188608780942 0.6 0.418081434546748
0.803473472028271 0.64353383059897 0.78919710171163 0.360795757736647 0.6 0.531066448751955
0.225017580185205 0.688091616759741 0.538925775350605 0.30176771222008 0.4 0.42618837855215
0 0.875061919985766 0.919765497616754 0.839808313364644 0.6 0.680644250572168
0.665610978487843 0.704246874647997 0.647114731337652 0.178087734783251 0.4 0.412853190109788
0.693550761103935 0.825707095966108 0.832035807750534 0.69823228777992 0.8 0.751977262199471
0.729140294881755 0.522749321054813 0.58013041968963 0.32164214880212 0 0.448872017530841
0.297670278893794 0.692063606681291 0.810105599189272 0.580571933104292 0.6 0.600000000000442
0.907074864675779 0.738885783097605 0.98208969565326 0.527897494571721 0.4 0.675060778257774
0.112508790092602 0.787415559179925 0.892552763522339 0.527897494571721 0.2 0.574512213283994
0.275589127304775 0.743457333441603 0.949357586376027 0.30176771222008 0.4 0.479386950809251
0.55117825460955 0.75752748256787 0.221798273368364 0.220188608780942 0.4 0.402764453138998
0.893010836681381 0.772164365091982 0.78919710171163 0.510019606035228 0.6 0.658968420329412
0.373149442354017 0.684162568110802 0.609048914839148 0.240904306737755 0.6 0.41585737334219
0.159111456835146 0.792644907821717 0.59443244577537 0.527897494571721 0.4 0.561650683846672
0.35578403348241 0.734371023668687 0.344905141083111 0.341316838923197 0.4 0.459110176512498
0.803473472028271 0.134503687225598 0.487399758303867 0.135061493153596 0.4 0.209380039434184
0.318222913670292 0.803334897903573 0.704778815762641 0.527897494571721 0.2 0.602715943431885
0.819076355384141 0.767219615885497 0.843434255707951 0.69823228777992 0.8 0.747827296173624
0.503154605426628 0.712602034807392 0.71351356259191 0.341316838923197 0.4 0.504633513037574
0.515580046947248 0.932188420517078 0.58013041968963 0.281689431707104 0.6 0.518066609508339
0.841938691053969 0.738885783097605 0.855153975404023 0.648669762318418 1 0.718209842005304
0.729140294881755 0.792644907821717 0.855153975404023 0.746570921242214 0.6 0.770070417188246
0.318222913670292 0.696079486882504 0.609048914839148 0.436829205373675 0.4 0.518202642633404
0.159111456835146 0.752776650730317 0.679363255225196 0.49197694201032 0.6 0.540792681179948
0 0.424516771227534 0.601700075244073 0.220188608780942 0.6 0.25767131524443
0.787561530648217 0.849547343327241 0.905897178570416 0.436829205373675 0.8 0.642461736504519
0.45003516037041 0.792644907821717 0.769179566375217 0.360795757736647 0.8 0.536138095843797
0.562543950463012 0.734371023668687 0.655015524850102 0.135061493153596 0.6 0.380369955837321
1 0.591526195820528 0.399066196062592 0.854925108088018 0.4 0.727216984169166
0.112508790092602 0.843439074159581 0.759471277199048 0.30176771222008 0.6 0.462908161921661
0.527713002169008 0.762341241158298 0.377002759040287 0.240904306737755 0.6 0.432046136976363
0.636445827340584 0.787415559179925 0.439103930466651 0.839808313364644 0.6 0.75559363292844
0.503154605426628 0.75752748256787 0.655015524850102 0.220188608780942 0.4 0.439887982662804
0.490414446273684 0.484708514503008 0.487399758303867 0.527897494571721 0.4 0.505133538841656
0.787561530648217 0.721153804904132 0.410312880726068 0.281689431707104 0.4 0.473269877335171
0.626422431982715 0.792644907821717 0.185380156005387 0.199251348355558 0.4 0.400040339704473
0.811312423238586 0.696079486882504 0.78919710171163 0.418095902714343 0.4 0.579164216911886
0.55117825460955 0.748087121660947 0.10347648359982 0.240904306737755 0.4 0.39492800835375
0.435744670330595 0.650591012734727 0.704778815762641 0.341316838923197 0.4 0.47855780420392
0.477334370505438 0.973066683243185 0.274068541742796 0.839808313364644 0.8 0.769843480495619
0.787561530648217 0.704246874647997 0.616481749354921 0.156692820308098 0.4 0.405381652291201
0.297670278893794 0.657787950096322 0.51918308436093 0.648669762318418 0.6 0.593395835658298
0.684364252704469 0.767219615885497 0.298767508619514 0.178087734783251 0.4 0.398859198478787
0 0.738885783097605 0.679363255225196 0.220188608780942 0.4 0.33894617631334
0 0.668857845270967 0.647114731337652 0.178087734783251 0.6 0.296662401285698
0.779483762953957 0.81434887593674 0.843434255707951 0.580571933104292 0.6 0.701481580406053
0.79555728417573 0.633198533361192 0.810105599189272 0.665330417680936 0.6 0.681450994306383
0.503154605426628 0.665130289924475 0.318993627879382 0.178087734783251 0.4 0.359864723467691
0.420969345526985 0.712602034807392 0.722390365774633 0.436829205373675 0.4 0.546447427248803
0.337526370277807 0.917043168263529 0.283873084486783 0.854925108088018 0.4 0.739838696767297
0.405656211619293 0.71685276701052 0.779084042081697 0.178087734783251 0.6 0.40021113952362
0.194870940738489 0.752776650730317 0.740599424456121 0.341316838923197 0.4 0.47610475488656
0.373149442354017 0.772164365091982 0.655015524850102 0.199251348355558 0.4 0.415577213432831
0.646313792973152 0.797950600011804 0.26920267494633 0.82457387703257 0.6 0.729976768848761
0.55117825460955 0.361457094584687 0.879677014649635 0.135061493153596 0.6 0.293953098239645
0.737769474475838 0.803334897903573 0.566123375817332 0.681850475119814 0.6 0.715980264574786
0.477334370505438 0.743457333441603 0.512718180032647 0.220188608780942 0.4 0.421929417397087
0.980828892547368 0 0.601700075244073 0.220188608780942 0.4 0.158908699294265
0.803473472028271 0.782260388201482 0.339664436663384 0.665330417680936 0.8 0.681543245510401
0.636445827340584 0.803334897903573 0.769179566375217 0.418095902714343 0.4 0.591884637096249
0.318222913670292 0.849547343327241 0.71351356259191 0.380082762899733 0.6 0.540326683588616
0.900070320740819 0.849547343327241 0.879677014649635 0.380082762899733 0.6 0.618918854326353
0.834387518869721 0.777177319883788 0.779084042081697 0.510019606035228 0.6 0.653955293237908
0.539573202175876 0.752776650730317 0.601700075244073 0.199251348355558 0.4 0.42440158561638
0.754731908139941 0.762341241158298 0.810105599189272 0.681850475119814 0.8 0.72853580286747
0.616236022513321 0.556887287370919 0.49995345375539 0.380082762899733 0.4 0.472656646889615
0.675052740555614 0.819983616098888 0.399066196062592 0.527897494571721 0.8 0.621346019451184
0 0.808800165709973 0.879677014649635 0.839808313364644 0.4 0.657482715178794
0.779483762953957 0.808800165709973 0.949357586376027 0.510019606035228 0.6 0.672391839589528
0 0.704246874647997 0.655015524850102 0.199251348355558 0.4 0.317484980304549
0.539573202175876 0.650591012734727 0.318993627879382 0.360795757736647 0.4 0.464255821058525
0.297670278893794 0.712602034807392 0.58013041968963 0.341316838923197 0.4 0.468202132730265
0.675052740555614 0.734371023668687 0.601700075244073 0.178087734783251 0.4 0.417842142905123
0.297670278893794 0.85576003239515 0.587243392199803 0.4737664368408 0.6 0.576827822523439
0.754731908139941 0.738885783097605 0.905897178570416 0.597819755594479 0.6 0.688729961029322
0.79555728417573 0.729911661459648 0.704778815762641 0.4737664368408 0.6 0.610264867191066
0.636445827340584 0.738885783097605 0.176466970648331 0.281689431707104 0.4 0.436173533000212
0.527713002169008 0.752776650730317 0.468942949634123 0.178087734783251 0.4 0.397838133563355
0.763071740410204 0.772164365091982 0.749947958653192 0.240904306737755 0.4 0.489409854683032
0.595340557787587 0.808800165709973 0.722390365774633 0.281689431707104 0.8 0.506794058662705
0.754731908139941 0.738885783097605 0.905897178570416 0.597819755594479 0.6 0.688729961029322
0.636445827340584 0.738885783097605 0.512718180032647 0.39918159915904 0.4 0.540044176061514
0.754731908139941 0.762341241158298 0.810105599189272 0.681850475119814 0.8 0.72853580286747
0.389741881476979 0.808800165709973 0.740599424456121 0.510019606035228 0.6 0.609019739334421
0.79555728417573 0.808800165709973 0.810105599189272 0.178087734783251 0.6 0.46285874872113
0.737769474475838 0.729911661459648 0.371572567378153 0.281689431707104 0.6 0.467239284620809
0.275589127304775 0.743457333441603 0.631611370442549 0.360795757736647 0.6 0.48819819548322
0 0.792644907821717 0.98208969565326 0.418095902714343 0.2 0.475440858641347
0 0.743457333441603 0.532285314236051 0.597819755594479 0.6 0.508401675733587
0.515580046947248 0.712602034807392 0.444984268971041 0.360795757736647 0.6 0.492684013954372
0.573684516132894 0.668857845270967 0.71351356259191 0.199251348355558 0.6 0.414536157142761
0.225017580185205 0.75752748256787 0.339664436663384 0.240904306737755 0.4 0.391096363324193
0.405656211619293 0.748087121660947 0.493650879947444 0.49197694201032 0.6 0.561496776409231
0.490414446273684 0.680275542178024 0.444984268971041 0.341316838923197 0.6 0.470477089023952
0.435744670330595 0.75752748256787 0.545628012187509 0.199251348355558 0.4 0.410333137377753
0.251577302713314 0.837431772754848 0.573091162707752 0.281689431707104 0 0.460122595144439
0.779483762953957 0.772164365091982 0.360810622834665 0.261403082406245 0.2 0.468757664079243
0.539573202175876 0.729911661459648 0.843434255707951 0.199251348355558 0.6 0.436404609491361
0.225017580185205 0.947992365221557 0.355477697957986 0.436829205373675 0.2 0.546360891843999
0.584612822215468 0.803334897903573 0.609048914839148 0.69823228777992 0.6 0.710396091242787
0.737769474475838 0.75752748256787 0.339664436663384 0.360795757736647 0.6 0.516023554190118
0.787561530648217 0.787415559179925 0.587243392199803 0.261403082406245 0.2 0.495435078594714
0.754731908139941 0.777177319883788 0.506308771525534 0.69823228777992 0.6 0.710499519340764
0.405656211619293 0.75752748256787 0.671135364541484 0.30176771222008 0.4 0.479907569333
0.787561530648217 0.762341241158298 0.740599424456121 0.418095902714343 0.4 0.59282195800254
0.477334370505438 0.743457333441603 0.350176052042464 0.199251348355558 0.6 0.39344146726293
