0.626422431982715 0.748087121660947 0.512718180032647 0.30176771222008 0.4 0.462535710210711
0.318222913670292 0.721153804904132 0.58013041968963 0.341316838923197 0.4 0.438122155229532
0.225017580185205 0.75752748256787 0.339664436663384 0.240904306737755 0.4 0.371384182262158
0 0.862080773629847 0.759471277199048 0.240904306737755 0.4 0.44006206647954
0.787561530648217 0.825707095966108 0.639314597208176 0.30176771222008 0.6 0.523292332920849
0.225017580185205 0.59456749775507 0.525704951500799 0.510019606035228 0.6 0.497620889448757
0.71156806696482 0.85576003239515 0.949357586376027 0.563170794626325 0.8 0.671386851923338
0.675052740555614 0.767219615885497 0.344905141083111 0.436829205373675 0.4 0.52791360439933
0.893010836681381 0.721153804904132 0.799532506103631 0.563170794626325 0.8 0.66071121935796
0.763071740410204 0.762341241158298 0.810105599189272 0.49197694201032 0.8 0.60872976636219
0 0.782260388201482 0.587243392199803 0.220188608780942 0.4 0.386474689788475
0.665610978487843 0.881730610945764 0.879677014649635 0.681850475119814 0.8 0.730234814753254
0.55117825460955 0.743457333441603 0.512718180032647 0.360795757736647 0.6 0.475655708165839
0.684364252704469 0.862080773629847 0.671135364541484 0.199251348355558 0.2 0.4831379320136
0.779483762953957 0.657787950096322 0.298767508619514 0.240904306737755 0.4 0.434001775985492
0.787561530648217 0.71685276701052 0.587243392199803 0.809219953705069 0.6 0.777392022117251
0.811312423238586 0.729911661459648 0.759471277199048 0.240904306737755 0.4 0.499314126298842
0 0.708400445118073 0.934224745191514 0.82457387703257 0.8 0.761325162967297
0.79555728417573 0.633198533361192 0.905897178570416 0.614916940156927 0.4 0.67150807712288
0.646313792973152 0.767219615885497 0.355477697957986 0.135061493153596 0.4 0.404891376316492
0.595340557787587 0.924536907160864 0.573091162707752 0.82457387703257 0.4 0.796484205868619
0.463885625362245 0.721153804904132 0.141524680501064 0.261403082406245 0.4 0.387978108350247
0.573684516132894 0.61986002860842 0.49995345375539 0.380082762899733 0.4 0.461275461404165
0.646313792973152 0.704246874647997 0.663020978316655 0.4737664368408 0.6 0.554505178443857
0.595340557787587 0.808800165709973 0.212574960407166 0.220188608780942 0.6 0.421948225878204
0.71156806696482 0.725506353457643 0.450907375264168 0.220188608780942 0.4 0.438160904837511
0.389741881476979 0.777177319883788 0.59443244577537 0.665330417680936 0.6 0.64880549006823
0.435744670330595 0.777177319883788 0.832035807750534 0.220188608780942 0.4 0.448732128637419
0.194870940738489 0.762341241158298 0.71351356259191 0.418095902714343 0.6 0.493861500061142
0.562543950463012 0.64353383059897 0.334453425336898 0.360795757736647 0.4 0.441817653544211
0.87148934066119 0.767219615885497 0.769179566375217 0.45538493851146 0.6 0.606307725669831
0.787561530648217 0.688091616759741 0.49995345375539 0.360795757736647 0.6 0.50517041047017
0.373149442354017 0.762341241158298 0.573091162707752 0.240904306737755 0.4 0.409811159698799
0.79555728417573 0.743457333441603 0.433265446501317 0.281689431707104 0.4 0.480663747604821
0.934568200571252 0.748087121660947 0.779084042081697 0.82457387703257 0.6 0.825675349730539
0.503154605426628 0.917043168263529 0.47504696087402 0.648669762318418 0.6 0.667060768075866
0.646313792973152 0.734371023668687 0.671135364541484 0.545613590043203 0.6 0.601321937412018
0.225017580185205 0.729911661459648 0.799532506103631 0.261403082406245 0.4 0.42529804711675
0.746298884708034 0.738885783097605 0.59443244577537 0.281689431707104 0.6 0.483160085889381
0 0.473593475118589 0.919765497616754 0.49197694201032 0.4 0.506399543473958
0.927771250724491 0.610167895290793 0.779084042081697 0.914251320567156 0.6 0.867235368887817
0.562543950463012 0.752776650730317 0.601700075244073 0.714478150220245 0.6 0.69367614466098
0.477334370505438 0.70014023818203 0.415992460822536 0.220188608780942 0.4 0.384039202543964
0.159111456835146 0.831522155387879 0.545628012187509 0.631866095289914 0.8 0.620418894616048
0.159111456835146 0.734371023668687 0.344905141083111 0.281689431707104 0.6 0.378687012535312
0.646313792973152 0.661440578432896 0.655015524850102 0.49197694201032 0.4 0.55608263501458
0.420969345526985 0.75752748256787 0.663020978316655 0.4737664368408 0.4 0.535991496725782
0.646313792973152 0.347264830837688 0.207993644798428 0.240904306737755 0.4 0.33688004480336
0.737769474475838 0.75752748256787 0.538925775350605 0.45538493851146 0.6 0.559164246092162
0.595340557787587 0.729911661459648 0.450907375264168 0.220188608780942 0.4 0.415827546959798
0.665610978487843 0.837431772754848 0.879677014649635 0.665330417680936 0.8 0.712571683500966
0.616236022513321 0.71685276701052 0.647114731337652 0.681850475119814 0.6 0.676157878517331
0.914025731571428 0.165969981914185 0.663020978316655 0.261403082406245 0.4 0.439867358654565
0.159111456835146 0.825707095966108 0.481198848912242 0.32164214880212 0.4 0.434734340361856
0.656033342777212 0.772164365091982 0.769179566375217 0.762422142981882 0.6 0.751296130659855
0 0.75752748256787 0.687709551082882 0.220188608780942 0.4 0.39257009963602
0.787561530648217 0.748087121660947 0.180914355372822 0.178087734783251 0.4 0.432869904165736
0.856841417760529 0.672624028821811 0.274068541742796 0.341316838923197 0.4 0.49415944492516
0 0.721153804904132 0.696179515980184 0.220188608780942 0.4 0.383553049970326
0.490414446273684 0.734371023668687 0.722390365774633 0.436829205373675 0.6 0.525051844325983
0.515580046947248 0.792644907821717 0.965267970042682 0.30176771222008 0.6 0.511452471354003
0.463885625362245 0.729911661459648 0.559224925314669 0.418095902714343 0.4 0.494163164391172
0.420969345526985 0.868513392181208 0.687709551082882 0.614916940156927 0.6 0.644139201235141
0.826767381914326 0.647045292314886 0.631611370442549 0.580571933104292 0.6 0.632297062123971
0 0.672624028821811 0.905897178570416 0.614916940156927 0.2 0.612466005637744
0.35578403348241 0.762341241158298 0.769179566375217 0.281689431707104 0.6 0.448583389176418
0.45003516037041 0.591526195820528 1 0.563170794626325 0.6 0.601836180633927
0.693550761103935 0.797950600011804 0.624001526477095 0.839808313364644 0.8 0.800000000000165
0.636445827340584 0.708400445118073 0.587243392199803 0.436829205373675 0.8 0.526775998592604
0.720407760766187 0.797950600011804 0.779084042081697 0.648669762318418 0.8 0.69333398675112
0.914025731571428 0.582552074182571 0.98208969565326 0.681850475119814 0.6 0.731895279190195
0.803473472028271 0.738885783097605 0.779084042081697 0.220188608780942 0.6 0.495914109588128
0.834387518869721 0.75752748256787 0.538925775350605 0.32164214880212 0.6 0.515979110406063
0.729140294881755 0.782260388201482 0.150157055981403 0.436829205373675 0.4 0.533232067669777
0.656033342777212 0.729911661459648 0.679363255225196 0.778146044296872 0.8 0.748343021188749
0.159111456835146 0.752776650730317 0.679363255225196 0.49197694201032 0.6 0.528421404833576
0.194870940738489 0.738885783097605 0.905897178570416 0.360795757736647 0.2 0.48517597241044
0.626422431982715 0.743457333441603 0.468942949634123 0.240904306737755 0.6 0.433956567451885
0.389741881476979 0.803334897903573 0.545628012187509 0.156692820308098 0.4 0.393953888344654
0.463885625362245 0.752776650730317 0.905897178570416 0.418095902714343 0.4 0.538843215995442
0.787561530648217 0.597634464988188 0.855153975404023 0.648669762318418 0.6 0.680307714881926
0.646313792973152 0.75752748256787 0.587243392199803 0.527897494571721 0.6 0.58820106945998
0.515580046947248 0.738885783097605 0.0951901833195501 0.32164214880212 0.4 0.427311858042173
0.819076355384141 0.654171666923067 0.949357586376027 0.714478150220245 0.8 0.74234849391298
0.819076355384141 0.142338484392401 0.759471277199048 0.156692820308098 0.6 0.392223634158297
0.503154605426628 0.221680596779536 0.892552763522339 0.436829205373675 0.6 0.47663157999665
0.225017580185205 0.881730610945764 0.249973735995491 0.730590300342702 0.8 0.68404672913077
0.373149442354017 0.752776650730317 0.71351356259191 0.360795757736647 0.6 0.475989977861206
0.573684516132894 0.725506353457643 0.324118499535554 0.30176771222008 0.6 0.433469065120291
0.626422431982715 0.684162568110802 0.288812495926713 0.240904306737755 0.6 0.405896948432063
0.665610978487843 0.712602034807392 0.552393781596954 0.49197694201032 0.4 0.559388231515743
0.636445827340584 0.743457333441603 0.415992460822536 0.30176771222008 0.6 0.455313352051615
0.720407760766187 0.712602034807392 0.235789056978223 0.199251348355558 0.4 0.416328135147639
0 0.752776650730317 0.731416390285271 0.341316838923197 0.6 0.448960379184749
0.435744670330595 0.668857845270967 0.506308771525534 0.261403082406245 0.4 0.394451826606784
0.636445827340584 0.803334897903573 0.98208969565326 0.82457387703257 0.8 0.813412651553855
0.337526370277807 0.582552074182571 0.71351356259191 0.527897494571721 0.2 0.533475875515628
0 0.95615975298705 0.350176052042464 0.839808313364644 0.8 0.772012596722525
0.779483762953957 0.209834309328689 0.843434255707951 0.436829205373675 0.4 0.515972751474966
0.967837207777989 0.676429649566587 0.740599424456121 0.49197694201032 0.8 0.624714457309292
0.373149442354017 0.721153804904132 0.456874196298115 0.220188608780942 0.4 0.378301387673942
0.275589127304775 0.743457333441603 0.679363255225196 0.510019606035228 0.4 0.543508896282949
0.159111456835146 0.672624028821811 0.71351356259191 0.665330417680936 0.6 0.62807885938432
0.389741881476979 0.61986002860842 0.231104311593892 0.220188608780942 0.4 0.334850899538426
0.562543950463012 0.772164365091982 0.481198848912242 0.436829205373675 0.6 0.520179676375794
0.112508790092602 0.767219615885497 0.329271608040324 0.49197694201032 0.4 0.502195158084074
0.79555728417573 0.396900950119312 0.371572567378153 0.0910682891980452 0.4 0.350972872139189
0.112508790092602 0.738885783097605 0.616481749354921 0.4737664368408 0.6 0.506609079273963
0.515580046947248 0.782260388201482 0.740599424456121 0.281689431707104 0.4 0.469712302402857
0.665610978487843 0.762341241158298 0.740599424456121 0.563170794626325 0.8 0.625701733968597
0.405656211619293 0.75752748256787 0.671135364541484 0.30176771222008 0.4 0.44855567296114
0.71156806696482 0.688091616759741 0.552393781596954 0.341316838923197 0.8 0.485703260419677
0.515580046947248 0.734371023668687 0.71351356259191 0.30176771222008 0.4 0.462814381829309
0.275589127304775 0.708400445118073 0.493650879947444 0.4737664368408 0.6 0.497421858587247
0.684364252704469 0.712602034807392 0.439103930466651 0.32164214880212 0.4 0.467478623515827
0.318222913670292 0.808800165709973 0.820933575344008 0.220188608780942 0.4 0.442274592844562
0.389741881476979 0.688091616759741 0.545628012187509 0.39918159915904 0.6 0.464748698119951
0.787561530648217 0.680275542178024 0.587243392199803 0.45538493851146 0.8 0.557377024832869
0.275589127304775 0.825707095966108 0.609048914839148 0.39918159915904 0.6 0.492643481402642
0.656033342777212 0.71685276701052 0.855153975404023 0.45538493851146 0.8 0.569648899046431
0.787561530648217 0.819983616098888 0.749947958653192 0.510019606035228 0.4 0.626891052740195
0.194870940738489 0.738885783097605 0.59443244577537 0.178087734783251 0.4 0.366857336695143
0.527713002169008 0.782260388201482 0.779084042081697 0.580571933104292 0.6 0.625959042208038
0.251577302713314 0.712602034807392 0.934224745191514 0.510019606035228 0.4 0.566046210859977
0.626422431982715 0.787415559179925 0.879677014649635 0.39918159915904 0.6 0.554901082938337
0.562543950463012 0.762341241158298 0.259541978854217 0.281689431707104 0.4 0.428697653104799
0.71156806696482 0.81434887593674 0.58013041968963 0.527897494571721 0.6 0.60842784975994
0.967837207777989 0.762341241158298 0.879677014649635 0 0.6 0.52155652106198
0.779483762953957 0.777177319883788 0.820933575344008 0.730590300342702 0.8 0.751816295606908
0.605878376899965 0.725506353457643 0.47504696087402 0.220188608780942 0.4 0.418860502859932
0.616236022513321 0.738885783097605 0.387964648155136 0.240904306737755 0.6 0.424296369843035
0.225017580185205 0.862080773629847 0.949357586376027 0.240904306737755 0.4 0.476039374460309
0.35578403348241 0.650591012734727 0.235789056978223 0.30176771222008 0.6 0.376778598592536
0.636445827340584 0.803334897903573 0.919765497616754 0.82457387703257 0.8 0.807488819307151
0.71156806696482 0.917043168263529 0.456874196298115 0.580571933104292 0.4 0.650722105754237
0.539573202175876 0.808800165709973 0.439103930466651 0.360795757736647 0.4 0.483624094092609
0.389741881476979 0.81434887593674 0.779084042081697 0.89958746781456 0.6 0.827432372584332
0.584612822215468 0.721153804904132 0.0787920462607891 0.220188608780942 0.4 0.391661832588155
0.771321404383905 0.831522155387879 0.696179515980184 0.341316838923197 0.6 0.542528298533187
0.626422431982715 0.743457333441603 0.387964648155136 0.240904306737755 0.6 0.427430833506107
0.112508790092602 0.738885783097605 0.769179566375217 0.436829205373675 0.4 0.502280773924995
0.55117825460955 0.752776650730317 0.696179515980184 0.220188608780942 0.4 0.440500023610929
0.787561530648217 0.696079486882504 0.779084042081697 0.714478150220245 0.8 0.727274794775593
0.503154605426628 0.752776650730317 0.538925775350605 0.418095902714343 0.6 0.502400336826133
0 0.606993783758458 0.71351356259191 0.39918159915904 0.4 0.444494787548561
0.746298884708034 0.734371023668687 0.450907375264168 0.563170794626325 0.4 0.610221283005554
0.900070320740819 0.633198533361192 0.879677014649635 0.665330417680936 0.8 0.715371605876111
0.55117825460955 0.752776650730317 0.687709551082882 0.45538493851146 0.6 0.542853924665431
0.527713002169008 0.767219615885497 0.779084042081697 0.563170794626325 0.6 0.612906824391433
0.194870940738489 0.676429649566587 0.283873084486783 0.360795757736647 0.4 0.40296726736235
0.636445827340584 0.729911661459648 0.08287015353909 0.240904306737755 0.4 0.412043210218118
0.787561530648217 0.657787950096322 0.892552763522339 0.681850475119814 0.6 0.712391621545894
0 0.582552074182571 0.696179515980184 0.580571933104292 0.6 0.552210855445875
0.55117825460955 0.738885783097605 0.934224745191514 0.240904306737755 0.4 0.478043819128541
0.35578403348241 0.606993783758458 0.934224745191514 0.360795757736647 0.8 0.474410865845384
0.55117825460955 0.748087121660947 0.810105599189272 0.341316838923197 0.4 0.500391253781819
0.45003516037041 0.767219615885497 0.769179566375217 0.281689431707104 0.4 0.460803239975743
0 0.734371023668687 0.631611370442549 0.49197694201032 0.4 0.516504187363176
0 0.692063606681291 0.892552763522339 0.614916940156927 0.8 0.614077108480478
0 0.808800165709973 0.552393781596954 0.32164214880212 0.4 0.433052870900021
0.746298884708034 0.70014023818203 0.616481749354921 0.436829205373675 0.6 0.546483841598658
0.636445827340584 0.831522155387879 0.740599424456121 0.580571933104292 0.8 0.644606648215372
0.907074864675779 0.762341241158298 0.855153975404023 0.665330417680936 0.6 0.732536935176047
0.737769474475838 0.623149041646713 0.663020978316655 0.49197694201032 0.4 0.56524081849758
0.420969345526985 0.803334897903573 0.624001526477095 0.240904306737755 0.4 0.432864250583477
0.490414446273684 0.64353383059897 0.587243392199803 0.240904306737755 0.4 0.397416762462811
0.746298884708034 0.517770702647398 0.559224925314669 0.32164214880212 0.2 0.452223434777293
0.527713002169008 0.752776650730317 0.704778815762641 0.45538493851146 0.6 0.541552569286156
0.934568200571252 0.676429649566587 0.679363255225196 0.49197694201032 0.6 0.612276643801963
0.834387518869721 0.75752748256787 0.538925775350605 0.32164214880212 0.6 0.515979110406063
0.779483762953957 0.895446708938024 0.965267970042682 0.714478150220245 0.8 0.774891329308036
0.318222913670292 0.640055971902848 0.609048914839148 0.527897494571721 0.4 0.531154498996639
0.616236022513321 0.81434887593674 0.855153975404023 0.436829205373675 0.6 0.573847218158813
0.605878376899965 0.626468091749391 0.189864603230453 0.156692820308098 0.4 0.353547195244044
0.527713002169008 0.721153804904132 0.843434255707951 0.32164214880212 0.6 0.487166551002684
0.834387518869721 0.734371023668687 0.867223768208949 0.220188608780942 0.4 0.513201533745623
0.665610978487843 0.725506353457643 0.655015524850102 0.545613590043203 0.6 0.601066253142163
0.159111456835146 0.738885783097605 0.226440812548865 0.281689431707104 0.4 0.372698022627478
0.251577302713314 0.734371023668687 0.298767508619514 0.341316838923197 0.4 0.412015271695273
0.71156806696482 0.692063606681291 0.740599424456121 0.347831370703954 0.6 0.509216530525137
0.787561530648217 0.324777238755985 0.820933575344008 0.4737664368408 0.6 0.543553097301938
0 0.797950600011804 0.779084042081697 0.545613590043203 0.6 0.577591182417316
0.779483762953957 0.752776650730317 0.820933575344008 0.527897494571721 0.4 0.629764057524955
0.463885625362245 0.708400445118073 0.545628012187509 0.220188608780942 0.4 0.397033358696734
0 0.473593475118589 0.919765497616754 0.49197694201032 0.4 0.506399543473958
0.194870940738489 0.738885783097605 0.339664436663384 0.30176771222008 0.6 0.391478186763548
0.914025731571428 0.582552074182571 0.98208969565326 0.681850475119814 0.6 0.731895279190195
0.420969345526985 0.71685276701052 0.639314597208176 0.281689431707104 0.6 0.42794857577117
0.787561530648217 1 0.843434255707951 0.762422142981882 0.6 0.811686636888893
0.389741881476979 0.591526195820528 0.671135364541484 0.580571933104292 0.8 0.568981285996679
0.515580046947248 0.734371023668687 0.71351356259191 0.30176771222008 0.4 0.462814381829309
0.490414446273684 0.729911661459648 0.687709551082882 0.436829205373675 0.4 0.520339299303273
0.746298884708034 0.808800165709973 0.58013041968963 0.614916940156927 0.6 0.662658068750721
0 0.895446708938024 0.934224745191514 0.809219953705069 0.8 0.779683453361915
0.515580046947248 0.708400445118073 0.450907375264168 0.178087734783251 0.4 0.382021671056346
0.811312423238586 0.782260388201482 0.679363255225196 0.135061493153596 0.6 0.475636732277665
0.771321404383905 0.597634464988188 0.892552763522339 0.30176771222008 0.6 0.503937565203309
0.337526370277807 0.825707095966108 0.843434255707951 0.580571933104292 0.6 0.623632808167676
0.503154605426628 0.668857845270967 0.217176413958118 0.178087734783251 0.4 0.351532506878003
0 0.725506353457643 0.749947958653192 0.220188608780942 0.4 0.392864131699581
0.834387518869721 0.782260388201482 0.832035807750534 0.49197694201032 0.6 0.626921530136496
0.515580046947248 0.636611079188001 0.663020978316655 0.240904306737755 0.4 0.409441055529694
0.746298884708034 0.762341241158298 0.779084042081697 0.178087734783251 0.8 0.478261566172085
0.616236022513321 0.843439074159581 0.487399758303867 0.380082762899733 0.6 0.516516637222052
0.573684516132894 0.743457333441603 0.0993259349065139 0.240904306737755 0.4 0.403685179489597
0.616236022513321 0.767219615885497 0.360810622834665 0.135061493153596 0.4 0.399050748653646
0 0.862080773629847 0.759471277199048 0.240904306737755 0.4 0.44006206647954
0.914025731571428 1 0.339664436663384 0.614916940156927 0.6 0.713447305718506
0.927771250724491 0.71685276701052 0.769179566375217 0.665330417680936 0.4 0.721359540925498
0.55117825460955 0.752776650730317 0.696179515980184 0.220188608780942 0.4 0.440500023610929
0.573684516132894 0.787415559179925 0.180914355372822 0.220188608780942 0.4 0.410670648519334
0.527713002169008 0.772164365091982 0.387964648155136 0.178087734783251 0.4 0.396588153131912
0.907074864675779 0.738885783097605 0.98208969565326 0.527897494571721 0.4 0.667413346478343
0.826767381914326 0.71685276701052 0.47504696087402 0.436829205373675 0.6 0.55346301594881
0 0.787415559179925 0.892552763522339 0.341316838923197 0.6 0.480257397781984
0.112508790092602 0.738885783097605 0.769179566375217 0.436829205373675 0.4 0.502280773924995
0 0.81434887593674 0.810105599189272 0.341316838923197 0.8 0.475026680691266
0.503154605426628 0.696079486882504 0.512718180032647 0.261403082406245 0.6 0.412254166406436
0.616236022513321 0.762341241158298 0.799532506103631 0.418095902714343 0.6 0.547254119032284
0.251577302713314 0.743457333441603 0.843434255707951 0.199251348355558 0.4 0.415971051396685
0.503154605426628 0.85576003239515 0.799532506103631 0.648669762318418 0.4 0.680014040466048
0.702617168930528 0.748087121660947 0.616481749354921 0.778146044296872 0.8 0.752148679346331
0.503154605426628 0.772164365091982 0.609048914839148 0.199251348355558 0.4 0.420604167921446
0 0.688091616759741 0.71351356259191 0.341316838923197 0.6 0.430926047329636
0.373149442354017 0.696079486882504 0.481198848912242 0.261403082406245 0.4 0.390385479834313
0.702617168930528 0.738885783097605 0.532285314236051 0.510019606035228 0.6 0.578808344019785
0.787561530648217 0.748087121660947 0.393497630618372 0.341316838923197 0.6 0.50147764458259
0.194870940738489 0.712602034807392 0.51918308436093 0.39918159915904 0.4 0.451407332355295
0.656033342777212 0.782260388201482 0.456874196298115 0.380082762899733 0.8 0.506389874381746
0.337526370277807 0.748087121660947 0.722390365774633 0.563170794626325 0.6 0.58547995246376
0.720407760766187 0.792644907821717 0.647114731337652 0.510019606035228 0.8 0.601242969656902
0.626422431982715 0.70014023818203 0.59443244577537 0.341316838923197 0.6 0.476728294148098
0.787561530648217 0.71685276701052 0.631611370442549 0.436829205373675 0.6 0.558583318498777
0.573684516132894 0.772164365091982 0.339664436663384 0.30176771222008 0.4 0.446158427845637
0.763071740410204 0.734371023668687 0.965267970042682 0.418095902714343 0.6 0.586249035392833
0.914025731571428 0.588510133197105 0.892552763522339 0.614916940156927 0.8 0.683816064208764
0.79555728417573 0.216248007430229 0.377002759040287 0.240904306737755 0.6 0.372758585737078
0.194870940738489 0.743457333441603 0.919765497616754 0.730590300342702 0.4 0.704636366830802
0.573684516132894 0.895446708938024 0.399066196062592 0.510019606035228 0.6 0.58402955559095
0.420969345526985 0.708400445118073 0.616481749354921 0.436829205373675 0.6 0.500314099854222
0.275589127304775 0.843439074159581 0.843434255707951 0.49197694201032 0.8 0.57229963866802
0.787561530648217 0.676429649566587 0.78919710171163 0.545613590043203 0.4 0.624634568051514
0.907074864675779 0.825707095966108 0.769179566375217 0.32164214880212 0.4 0.568566488610758
0.55117825460955 0.650591012734727 0.704778815762641 0.341316838923197 0.6 0.466170720051352
0.159111456835146 0.777177319883788 0.687709551082882 0.746570921242214 0.8 0.698067058451925
0.159111456835146 0.748087121660947 0.722390365774633 0.30176771222008 0.4 0.431898445548831
0.900070320740819 0.849547343327241 0.552393781596954 0.563170794626325 0.6 0.664035088106658
0.159111456835146 0.708400445118073 0.308826770812187 0.341316838923197 0.4 0.399637099686435
0.477334370505438 0.748087121660947 0.49995345375539 0.30176771222008 0.4 0.437268734935155
0.55117825460955 0.748087121660947 0.810105599189272 0.341316838923197 0.4 0.500391253781819
0.71156806696482 0.808800165709973 0 0.681850475119814 0.6 0.678733736143928
0.779483762953957 0.729911661459648 0.456874196298115 0.178087734783251 0.4 0.442714424590285
0.35578403348241 0.70014023818203 0.639314597208176 0.240904306737755 0.4 0.399172309546625
0.626422431982715 0.767219615885497 0.59443244577537 0.220188608780942 0.6 0.445336953761382
0 0.909700828435375 0.481198848912242 1 0.6 0.883442254213734
0.779483762953957 0.825707095966108 0.769179566375217 0.199251348355558 0.6 0.504124424266662
0.763071740410204 0.64353383059897 0.949357586376027 0.665330417680936 0.8 0.702851962598868
0.702617168930528 0.636611079188001 0.704778815762641 0.261403082406245 0.4 0.457036748716706
0.477334370505438 0.335098558052557 0.58013041968963 0.39918159915904 0.6 0.4192564577754
0.927771250724491 0.151246613209855 0.525704951500799 0.199251348355558 0.4 0.40570902956791
0.584612822215468 0.676429649566587 0.399066196062592 0.156692820308098 0.6 0.375843906253361
0.616236022513321 0.81434887593674 0.820933575344008 0.341316838923197 0.6 0.526432037460741
0.71156806696482 0.772164365091982 0.759471277199048 0.380082762899733 0.6 0.542159964253183
0.720407760766187 0.688091616759741 0.552393781596954 0.436829205373675 0.6 0.533947209195349
0.463885625362245 0.338102157465118 0.843434255707951 0.39918159915904 0.6 0.452515740213429
0.515580046947248 0.738885783097605 0.704778815762641 0.30176771222008 0.4 0.46279204850585
0.55117825460955 0.743457333441603 0.512718180032647 0.360795757736647 0.6 0.475655708165839
0.35578403348241 0.782260388201482 0.481198848912242 0.178087734783251 0.4 0.382290255281719
0.974354703692446 0.721153804904132 0.616481749354921 0.597819755594479 0.8 0.679178938658433
0.463885625362245 0.85576003239515 0.249973735995491 0.839808313364644 0.6 0.769812644626101
0.675052740555614 0.734371023668687 0.892552763522339 0.510019606035228 0.6 0.608780947424667
0.527713002169008 0.777177319883788 0.631611370442549 0.156692820308098 0.4 0.417101324590288
0.684364252704469 0.762341241158298 0.905897178570416 0.178087734783251 0.4 0.484112969326888
0.159111456835146 0.777177319883788 0.820933575344008 0.178087734783251 0.2 0.409223634281743
0.373149442354017 0.721153804904132 0.71351356259191 0.32164214880212 0.4 0.450103902363531
0.573684516132894 0.767219615885497 0.78919710171163 0.178087734783251 0.4 0.448432534941829
0.337526370277807 0.888523957527054 0.704778815762641 0.580571933104292 0.4 0.622447191644682
0.636445827340584 0.696079486882504 0.217176413958118 0.545613590043203 0.4 0.564941480474441
0.159111456835146 0.729911661459648 0.308826770812187 0.281689431707104 0.6 0.374871091001361
0.337526370277807 0.692063606681291 0.573091162707752 0.45538493851146 0.8 0.494971223774886
0.763071740410204 0.610167895290793 0.965267970042682 0.510019606035228 0.6 0.611198639736371
0.907074864675779 0.797950600011804 0.749947958653192 0.580571933104292 0.6 0.680894649349461
0.693550761103935 0.734371023668687 0.462885714494757 0.30176771222008 0.4 0.467626469694908
0.71156806696482 0.895446708938024 0.949357586376027 0.82457387703257 0.8 0.832459173684517
0.297670278893794 0.762341241158298 0.559224925314669 0.240904306737755 0.4 0.39999999999996
0.900070320740819 0.684162568110802 0.624001526477095 0.436829205373675 0.4 0.574019430666949
0.787561530648217 0.71685276701052 0.0910690716990418 0.220188608780942 0.4 0.435151779741438
0.675052740555614 0.721153804904132 0.855153975404023 0.49197694201032 0.6 0.592382188385818
0.737769474475838 0.782260388201482 0.779084042081697 0.563170794626325 0.8 0.643531979631691
0.616236022513321 0.831522155387879 0.919765497616754 0.614916940156927 0.8 0.680098113157307
0.656033342777212 0.909700828435375 0.98208969565326 0.527897494571721 0.8 0.659799485830033
0.71156806696482 0.782260388201482 0.832035807750534 0.45538493851146 0.6 0.588081263281992
0.684364252704469 0.940004495098794 0.49995345375539 0.714478150220245 0.6 0.734139128923292
0.787561530648217 0.684162568110802 0.382466575144138 0.4737664368408 0.8 0.553432671821079
0.702617168930528 0.843439074159581 0.532285314236051 0.527897494571721 0.8 0.609369279971617
0.159111456835146 0.721153804904132 0.71351356259191 0.436829205373675 0.6 0.493399024318993
0.45003516037041 0.81434887593674 0.867223768208949 0.436829205373675 0.8 0.554642367611143
0 0.81434887593674 0.696179515980184 0.281689431707104 0.4 0.433584544239542
0.864196414617635 0.708400445118073 0.573091162707752 0.527897494571721 0.6 0.614316421360943
0 0.895446708938024 0.98208969565326 0.39918159915904 0.4 0.546358643927561
0.159111456835146 0.777177319883788 0.318993627879382 0.545613590043203 0.6 0.539617333158207
0.693550761103935 0.672624028821811 0.843434255707951 0.220188608780942 0.4 0.467845776424036
0 0.797950600011804 0.679363255225196 0.597819755594479 0.6 0.600000000000059
0.803473472028271 0.140582763778253 0.462885714494757 0.178087734783251 0.4 0.354459228258555
0.616236022513321 0.721153804904132 0.566123375817332 0.380082762899733 0.6 0.495212532995743
0 0.684162568110802 0.740599424456121 0.220188608780942 0.6 0.380264629814803
0.35578403348241 0.808800165709973 0.532285314236051 0.199251348355558 0.4 0.402102240324788
0.35578403348241 0.71685276701052 0.226440812548865 0.30176771222008 0.4 0.393702277574009
0.675052740555614 0.767219615885497 0.344905141083111 0.436829205373675 0.4 0.52791360439933
0 0.721153804904132 0.919765497616754 0.281689431707104 0.2 0.442851639357265
0.87148934066119 0.505614604228817 0.843434255707951 0.220188608780942 0.4 0.475925267331916
0.275589127304775 0.752776650730317 0.355477697957986 0.240904306737755 0.4 0.375623537995505
0.55117825460955 0.62981773260671 0.26920267494633 0.199251348355558 0.4 0.360433832161591
0.194870940738489 0.782260388201482 0.512718180032647 0.809219953705069 0.6 0.731740648331866
0.225017580185205 0.797950600011804 0.905897178570416 0.49197694201032 0.6 0.567457992952273
0.967837207777989 0.676429649566587 0.740599424456121 0.49197694201032 0.8 0.624714457309292
0.636445827340584 0.81434887593674 0.49995345375539 0.32164214880212 0.4 0.487628509314917
0.878721741357398 0.616600513842155 0.303783903569547 0.156692820308098 0.4 0.425587736838585
0.79555728417573 0.696079486882504 0.587243392199803 0.436829205373675 0.4 0.5522369545424
0.503154605426628 0.932188420517078 0.49995345375539 0.510019606035228 0.4 0.590212518973777
0.665610978487843 0.688091616759741 0.439103930466651 0.436829205373675 0.6 0.515742558644353
0.562543950463012 0.734371023668687 0.663020978316655 0.527897494571721 0.4 0.578967767491893
0.405656211619293 0.704246874647997 0.892552763522339 0.614916940156927 0.4 0.633476687495738
0.275589127304775 0.837431772754848 0.71351356259191 0.597819755594479 0.2 0.619196520244236
0.225017580185205 0.808800165709973 0.820933575344008 0.32164214880212 0.4 0.473374145809401
0.787561530648217 0.767219615885497 0.810105599189272 0.32164214880212 0.8 0.536696611620366
0.646313792973152 0.849547343327241 0.740599424456121 0.360795757736647 0.6 0.537934172799873
0.834387518869721 0.734371023668687 0.456874196298115 0.49197694201032 0.8 0.585770251759842
0.771321404383905 0.712602034807392 0.421710547869801 0.156692820308098 0.4 0.42843364313017
0.194870940738489 0.688091616759741 0.832035807750534 0.261403082406245 0.4 0.418022830534305
0.754731908139941 0.59456749775507 0.450907375264168 0.510019606035228 0.6 0.556875502893533
0.927771250724491 0.71685276701052 0.616481749354921 0.341316838923197 0.6 0.542826062312265
0.194870940738489 0.738885783097605 0.616481749354921 0.510019606035228 0.6 0.531784445455518
0.893010836681381 0.692063606681291 0.843434255707951 0.240904306737755 0.4 0.52020730091155
0.573684516132894 0.668857845270967 0.71351356259191 0.199251348355558 0.6 0.419656610397319
0.787561530648217 0.721153804904132 0.410312880726068 0.281689431707104 0.4 0.472200954152079
0.71156806696482 0.895446708938024 0.949357586376027 0.82457387703257 0.8 0.832459173684517
0.490414446273684 0.734371023668687 0.240495341762506 0.240904306737755 0.4 0.39138896003755
0.405656211619293 0.85576003239515 0.799532506103631 0.32164214880212 0.6 0.49783486849488
0.490414446273684 0.752776650730317 0.663020978316655 0.436829205373675 0.4 0.522552636622594
0.573684516132894 0.725506353457643 0.278958557206555 0.32164214880212 0.4 0.440013193562033
0.337526370277807 0.692063606681291 0.573091162707752 0.45538493851146 0.8 0.494971223774886
0.893010836681381 0.782260388201482 0.879677014649635 0.380082762899733 0.4 0.592105740481449
0.626422431982715 0.743457333441603 0.468942949634123 0.240904306737755 0.6 0.433956567451885
0.893010836681381 0.70014023818203 0.587243392199803 0.49197694201032 0.6 0.600203268681741
0.225017580185205 1 0.965267970042682 0.220188608780942 0.4 0.510806738428299
0.159111456835146 0.672624028821811 0.905897178570416 0.527897494571721 0.2 0.561126006399837
0.779483762953957 0.576690117095038 0.573091162707752 0.281689431707104 0.6 0.454496510787124
0.490414446273684 0.762341241158298 0.647114731337652 0.809219953705069 0.6 0.755128002570414
0.779483762953957 0.825707095966108 0.769179566375217 0.199251348355558 0.6 0.504124424266662
0.754731908139941 0.803334897903573 0.919765497616754 0.746570921242214 0.8 0.771597334842313
0.515580046947248 0.738885783097605 0.679363255225196 0.240904306737755 0.4 0.436127600983895
0.55117825460955 0.708400445118073 0.740599424456121 0.380082762899733 0.4 0.500999462571963
0.225017580185205 0.792644907821717 0.879677014649635 0.220188608780942 0.6 0.439548697446104
0.584612822215468 0.623149041646713 0.334453425336898 0.199251348355558 0.4 0.369964321522683
0.656033342777212 0.729911661459648 0.892552763522339 0.4737664368408 0.6 0.586095039329887
0.225017580185205 0.59456749775507 0.525704951500799 0.510019606035228 0.6 0.497620889448757
0.787561530648217 0.772164365091982 0.616481749354921 0.240904306737755 0.4 0.487596348796737
0 0.64353383059897 0.722390365774633 0.4737664368408 0.6 0.496983414755058
0.754731908139941 0.762341241158298 0.810105599189272 0.681850475119814 0.8 0.715120727575784
0.656033342777212 0.831522155387879 0.799532506103631 0.510019606035228 0.6 0.614009200284578
0.194870940738489 0.743457333441603 0.587243392199803 0.563170794626325 0.2 0.56339918172223
0.194870940738489 0.696079486882504 0.820933575344008 0.261403082406245 0.4 0.418198883678068
0.927771250724491 0.0976791757782541 0.444984268971041 0.199251348355558 0.4 0.395325276960779
0.515580046947248 0.947992365221557 0.120229892861146 0.240904306737755 0.4 0.453998713322833
0.318222913670292 0.819983616098888 0.687709551082882 0.281689431707104 0.4 0.449169720680583
0.539573202175876 0.777177319883788 0.799532506103631 0.563170794626325 0.6 0.618231801086514
0.787561530648217 0.808800165709973 0.679363255225196 0.69823228777992 0.8 0.726318389787695
0.225017580185205 0.752776650730317 0.749947958653192 0.220188608780942 0.6 0.408622854924848
0.71156806696482 0.665130289924475 0.759471277199048 0.281689431707104 0.4 0.479133573564078
0.515580046947248 0.782260388201482 0.740599424456121 0.281689431707104 0.4 0.469712302402857
0.787561530648217 0.676429649566587 0.78919710171163 0.545613590043203 0.4 0.624634568051514
0.729140294881755 0.712602034807392 0.832035807750534 0.597819755594479 0.6 0.655523319437056
0.318222913670292 0.75752748256787 0.779084042081697 0.135061493153596 0.4 0.398720463856135
0.112508790092602 0.748087121660947 0.655015524850102 0.648669762318418 0.8 0.623036065732472
0.490414446273684 0.762341241158298 0.587243392199803 0.341316838923197 0.6 0.469046076082106
0.914025731571428 0.767219615885497 0.587243392199803 0.135061493153596 0 0.486509031059007
0.754731908139941 0.772164365091982 0.905897178570416 0.793744654230399 1 0.795309145510154
0.225017580185205 0.71685276701052 0.573091162707752 0.240904306737755 0.4 0.382523166706458
0.746298884708034 0.71685276701052 0.799532506103631 0.240904306737755 0.4 0.488093772274623
0.841938691053969 0.50323142545765 0.892552763522339 0.631866095289914 0.6 0.671323787680882
0 0.81434887593674 0.552393781596954 0.631866095289914 0.4 0.614823564764298
0.405656211619293 0.868513392181208 0.740599424456121 0.762422142981882 0.6 0.741130849799732
0.646313792973152 0.738885783097605 0.08287015353909 0.240904306737755 0.4 0.416408120511736
0.573684516132894 0.153054743607648 0.559224925314669 0.220188608780942 0.4 0.321205429363398
0.605878376899965 0.570921210884367 0.867223768208949 0.563170794626325 0.4 0.600226562662654
0.539573202175876 0.676429649566587 0.655015524850102 0.281689431707104 0.4 0.437582630425383
0.729140294881755 0.738885783097605 0.749947958653192 0.220188608780942 0.6 0.476767254916681
0.729140294881755 0.382987922585351 0.892552763522339 0.240904306737755 0.6 0.439759157567628
0.405656211619293 0.75752748256787 0.820933575344008 0.360795757736647 0.4 0.49428320145092
0.763071740410204 0.680275542178024 0.949357586376027 0.730590300342702 0.8 0.747956100848637
0.702617168930528 0.819983616098888 0.71351356259191 0.380082762899733 0.4 0.545926630852987
0 0.721153804904132 0.78919710171163 0.32164214880212 0.6 0.43983518886261
0.35578403348241 0.75752748256787 0.587243392199803 0.220188608780942 0.6 0.40052252128548
0.803473472028271 0.64353383059897 0.78919710171163 0.360795757736647 0.6 0.529123682721134
0.225017580185205 0.688091616759741 0.538925775350605 0.30176771222008 0.4 0.397988253913019
0 0.875061919985766 0.919765497616754 0.839808313364644 0.6 0.795395916912913
0.665610978487843 0.704246874647997 0.647114731337652 0.178087734783251 0.4 0.431140674751612
0.693550761103935 0.825707095966108 0.832035807750534 0.69823228777992 0.8 0.729357827500552
0.729140294881755 0.522749321054813 0.58013041968963 0.32164214880212 0 0.451513449677597
0.297670278893794 0.692063606681291 0.810105599189272 0.580571933104292 0.6 0.592573212850316
0.907074864675779 0.738885783097605 0.98208969565326 0.527897494571721 0.4 0.667413346478343
0.112508790092602 0.787415559179925 0.892552763522339 0.527897494571721 0.2 0.579669201448801
0.275589127304775 0.743457333441603 0.949357586376027 0.30176771222008 0.4 0.472150354243233
0.55117825460955 0.75752748256787 0.221798273368364 0.220188608780942 0.4 0.399780069961459
0.893010836681381 0.772164365091982 0.78919710171163 0.510019606035228 0.6 0.640306174292529
0.373149442354017 0.684162568110802 0.609048914839148 0.240904306737755 0.6 0.393290981931565
0.159111456835146 0.792644907821717 0.59443244577537 0.527897494571721 0.4 0.550449839404489
0.35578403348241 0.734371023668687 0.344905141083111 0.341316838923197 0.4 0.424857529566239
0.803473472028271 0.134503687225598 0.487399758303867 0.135061493153596 0.4 0.344479262251667
0.318222913670292 0.803334897903573 0.704778815762641 0.527897494571721 0.2 0.571961170585438
0.819076355384141 0.767219615885497 0.843434255707951 0.69823228777992 0.8 0.738083652650864
0.503154605426628 0.712602034807392 0.71351356259191 0.341316838923197 0.4 0.473431011049477
0.515580046947248 0.932188420517078 0.58013041968963 0.281689431707104 0.6 0.491370371284021
0.841938691053969 0.738885783097605 0.855153975404023 0.648669762318418 1 0.708797441888589
0.729140294881755 0.792644907821717 0.855153975404023 0.746570921242214 0.6 0.760622375546916
0.318222913670292 0.696079486882504 0.609048914839148 0.436829205373675 0.4 0.486835951898752
0.159111456835146 0.752776650730317 0.679363255225196 0.49197694201032 0.6 0.528421404833576
0 0.424516771227534 0.601700075244073 0.220188608780942 0.6 0.294889587565841
0.787561530648217 0.849547343327241 0.905897178570416 0.436829205373675 0.8 0.613915419331818
0.45003516037041 0.792644907821717 0.769179566375217 0.360795757736647 0.8 0.500698235739555
0.562543950463012 0.734371023668687 0.655015524850102 0.135061493153596 0.6 0.409659676447874
1 0.591526195820528 0.399066196062592 0.854925108088018 0.4 0.814712762114871
0.112508790092602 0.843439074159581 0.759471277199048 0.30176771222008 0.6 0.460156714121479
0.527713002169008 0.762341241158298 0.377002759040287 0.240904306737755 0.6 0.413769071967107
0.636445827340584 0.787415559179925 0.439103930466651 0.839808313364644 0.6 0.782047772282529
0.503154605426628 0.75752748256787 0.655015524850102 0.220188608780942 0.4 0.428860795417147
0.490414446273684 0.484708514503008 0.487399758303867 0.527897494571721 0.4 0.513665062691613
0.787561530648217 0.721153804904132 0.410312880726068 0.281689431707104 0.4 0.472200954152079
0.626422431982715 0.792644907821717 0.185380156005387 0.199251348355558 0.4 0.415608130590397
0.811312423238586 0.696079486882504 0.78919710171163 0.418095902714343 0.4 0.566197668909265
0.55117825460955 0.748087121660947 0.10347648359982 0.240904306737755 0.4 0.400891136436583
0.435744670330595 0.650591012734727 0.704778815762641 0.341316838923197 0.4 0.449777985109204
0.477334370505438 0.973066683243185 0.274068541742796 0.839808313364644 0.8 0.791836159644324
0.787561530648217 0.704246874647997 0.616481749354921 0.156692820308098 0.4 0.448913402733111
0.297670278893794 0.657787950096322 0.51918308436093 0.648669762318418 0.6 0.60539592211363
0.684364252704469 0.767219615885497 0.298767508619514 0.178087734783251 0.4 0.4197857950974
0 0.738885783097605 0.679363255225196 0.220188608780942 0.4 0.386089130999108
0 0.668857845270967 0.647114731337652 0.178087734783251 0.6 0.346857864358293
0.779483762953957 0.81434887593674 0.843434255707951 0.580571933104292 0.6 0.671736385175673
0.79555728417573 0.633198533361192 0.810105599189272 0.665330417680936 0.6 0.692009197229959
0.503154605426628 0.665130289924475 0.318993627879382 0.178087734783251 0.4 0.356738865657491
0.420969345526985 0.712602034807392 0.722390365774633 0.436829205373675 0.4 0.512526261819823
0.337526370277807 0.917043168263529 0.283873084486783 0.854925108088018 0.4 0.783049523071181
0.405656211619293 0.71685276701052 0.779084042081697 0.178087734783251 0.6 0.408745846722266
0.194870940738489 0.752776650730317 0.740599424456121 0.341316838923197 0.4 0.455703209171903
0.373149442354017 0.772164365091982 0.655015524850102 0.199251348355558 0.4 0.408166489024616
0.646313792973152 0.797950600011804 0.26920267494633 0.82457387703257 0.6 0.767966983106548
0.55117825460955 0.361457094584687 0.879677014649635 0.135061493153596 0.6 0.365645300371472
0.737769474475838 0.803334897903573 0.566123375817332 0.681850475119814 0.6 0.700246408957043
0.477334370505438 0.743457333441603 0.512718180032647 0.220188608780942 0.4 0.404973464385863
0.980828892547368 0 0.601700075244073 0.220188608780942 0.4 0.432575930128217
0.803473472028271 0.782260388201482 0.339664436663384 0.665330417680936 0.8 0.684036904375854
0.636445827340584 0.803334897903573 0.769179566375217 0.418095902714343 0.4 0.555383553624026
0.318222913670292 0.849547343327241 0.71351356259191 0.380082762899733 0.6 0.503598544162094
0.900070320740819 0.849547343327241 0.879677014649635 0.380082762899733 0.6 0.60702774566539
0.834387518869721 0.777177319883788 0.779084042081697 0.510019606035228 0.6 0.629689074555613
0.539573202175876 0.752776650730317 0.601700075244073 0.199251348355558 0.4 0.420503504192984
0.754731908139941 0.762341241158298 0.810105599189272 0.681850475119814 0.8 0.715120727575784
0.616236022513321 0.556887287370919 0.49995345375539 0.380082762899733 0.4 0.456615892977571
0.675052740555614 0.819983616098888 0.399066196062592 0.527897494571721 0.8 0.592038479023144
0 0.808800165709973 0.879677014649635 0.839808313364644 0.4 0.781231973827206
0.779483762953957 0.808800165709973 0.949357586376027 0.510019606035228 0.6 0.645044486425546
0 0.704246874647997 0.655015524850102 0.199251348355558 0.4 0.365281714751669
0.539573202175876 0.650591012734727 0.318993627879382 0.360795757736647 0.4 0.438631298640146
0.297670278893794 0.712602034807392 0.58013041968963 0.341316838923197 0.4 0.43413230570198
0.675052740555614 0.734371023668687 0.601700075244073 0.178087734783251 0.4 0.435155458863114
0.297670278893794 0.85576003239515 0.587243392199803 0.4737664368408 0.6 0.539770463817734
0.754731908139941 0.738885783097605 0.905897178570416 0.597819755594479 0.6 0.671380628435204
0.79555728417573 0.729911661459648 0.704778815762641 0.4737664368408 0.6 0.588135521377138
0.636445827340584 0.738885783097605 0.176466970648331 0.281689431707104 0.4 0.432807605519575
0.527713002169008 0.752776650730317 0.468942949634123 0.178087734783251 0.4 0.398163890110429
0.763071740410204 0.772164365091982 0.749947958653192 0.240904306737755 0.4 0.49751255909196
0.595340557787587 0.808800165709973 0.722390365774633 0.281689431707104 0.8 0.486199265454492
0.754731908139941 0.738885783097605 0.905897178570416 0.597819755594479 0.6 0.671380628435204
0.636445827340584 0.738885783097605 0.512718180032647 0.39918159915904 0.4 0.507195293388711
0.754731908139941 0.762341241158298 0.810105599189272 0.681850475119814 0.8 0.715120727575784
0.389741881476979 0.808800165709973 0.740599424456121 0.510019606035228 0.6 0.57222718282518
0.79555728417573 0.808800165709973 0.810105599189272 0.178087734783251 0.6 0.503511651865035
0.737769474475838 0.729911661459648 0.371572567378153 0.281689431707104 0.6 0.4608556758671
0.275589127304775 0.743457333441603 0.631611370442549 0.360795757736647 0.6 0.455236044834722
0 0.792644907821717 0.98208969565326 0.418095902714343 0.2 0.531740670327806
0 0.743457333441603 0.532285314236051 0.597819755594479 0.6 0.577192946216858
0.515580046947248 0.712602034807392 0.444984268971041 0.360795757736647 0.6 0.457547362878597
0.573684516132894 0.668857845270967 0.71351356259191 0.199251348355558 0.6 0.419656610397319
0.225017580185205 0.75752748256787 0.339664436663384 0.240904306737755 0.4 0.371384182262158
0.405656211619293 0.748087121660947 0.493650879947444 0.49197694201032 0.6 0.528103902869233
0.490414446273684 0.680275542178024 0.444984268971041 0.341316838923197 0.6 0.436593941411702
0.435744670330595 0.75752748256787 0.545628012187509 0.199251348355558 0.4 0.399155911498819
0.251577302713314 0.837431772754848 0.573091162707752 0.281689431707104 0 0.435103853599506
0.779483762953957 0.772164365091982 0.360810622834665 0.261403082406245 0.2 0.471619392821437
0.539573202175876 0.729911661459648 0.843434255707951 0.199251348355558 0.6 0.447339408042147
0.225017580185205 0.947992365221557 0.355477697957986 0.436829205373675 0.2 0.521272167683171
0.584612822215468 0.803334897903573 0.609048914839148 0.69823228777992 0.6 0.694402296924639
0.737769474475838 0.75752748256787 0.339664436663384 0.360795757736647 0.6 0.499117236218179
0.787561530648217 0.787415559179925 0.587243392199803 0.261403082406245 0.2 0.494972618250297
0.754731908139941 0.777177319883788 0.506308771525534 0.69823228777992 0.6 0.704863353276882
0.405656211619293 0.75752748256787 0.671135364541484 0.30176771222008 0.4 0.44855567296114
0.787561530648217 0.762341241158298 0.740599424456121 0.418095902714343 0.4 0.569062895639404
0.477334370505438 0.743457333441603 0.350176052042464 0.199251348355558 0.6 0.383440075761463
