0.626422431982715 0.748087121660947 0.512718180032647 0.474747474747475 0.30176771222008 0.520809939342096 0.605542881965809
0.318222913670292 0.721153804904131 0.58013041968963 0.353535353535354 0.341316838923196 0.520809939342096 0.541169470595865
0.225017580185205 0.75752748256787 0.339664436663384 0.676767676767677 0.240904306737755 0.520809939342096 0.530878715166825
0 0.862080773629846 0.759471277199048 0.505050505050505 0.240904306737755 0.520809939342096 0.582059029116987
0.787561530648217 0.825707095966108 0.639314597208176 0.282828282828283 0.30176771222008 0.706695052611424 0.61984763136915
0.225017580185205 0.59456749775507 0.525704951500799 0.353535353535354 0.510019606035228 0.706695052611424 0.484928216602605
0.71156806696482 0.855760032395149 0.949357586376027 0.454545454545455 0.563170794626324 0.863858676508167 0.774920461791477
0.675052740555614 0.767219615885497 0.344905141083111 0.474747474747475 0.436829205373675 0.520809939342096 0.609357175618138
0.893010836681381 0.721153804904131 0.799532506103631 0.404040404040404 0.563170794626324 0.863858676508167 0.739684959088604
0.763071740410204 0.762341241158298 0.810105599189272 0.393939393939394 0.491976942010319 0.863858676508167 0.68102817935306
0 0.782260388201481 0.587243392199803 0.434343434343434 0.220188608780942 0.520809939342096 0.517607992597045
0.665610978487843 0.881730610945764 0.879677014649635 0.464646464646465 0.681850475119814 0.863858676508167 0.770428206880895
0.55117825460955 0.743457333441603 0.512718180032647 0.323232323232323 0.360795757736647 0.706695052611424 0.568489825258046
0.684364252704469 0.862080773629846 0.671135364541484 0.373737373737374 0.199251348355557 0.293304947388576 0.642475724490153
0.779483762953957 0.657787950096322 0.298767508619514 0.333333333333333 0.240904306737755 0.520809939342096 0.555789628908259
0.787561530648217 0.71685276701052 0.587243392199803 0.444444444444444 0.809219953705068 0.706695052611424 0.708504117331548
0.811312423238586 0.729911661459648 0.759471277199048 0.323232323232323 0.240904306737755 0.520809939342096 0.620353304000332
0 0.708400445118073 0.934224745191514 0.858585858585858 0.824573877032569 0.863858676508167 0.776142721355367
0.79555728417573 0.633198533361192 0.905897178570416 0.424242424242424 0.614916940156926 0.520809939342096 0.753352633550952
0.646313792973152 0.767219615885497 0.355477697957986 0.555555555555556 0.135061493153595 0.520809939342096 0.573782324343874
0.595340557787587 0.924536907160864 0.573091162707752 0.555555555555556 0.824573877032569 0.520809939342096 0.761955521826555
0.463885625362245 0.721153804904131 0.141524680501064 0.373737373737374 0.261403082406245 0.520809939342096 0.496021860238509
0.573684516132894 0.61986002860842 0.49995345375539 0.0808080808080809 0.380082762899733 0.520809939342096 0.494573683378014
0.646313792973152 0.704246874647996 0.663020978316655 0.454545454545455 0.473766436840801 0.706695052611424 0.612660684162705
0.595340557787587 0.808800165709972 0.212574960407166 0.363636363636364 0.220188608780942 0.706695052611424 0.543523183761971
0.71156806696482 0.725506353457642 0.450907375264168 0.444444444444444 0.220188608780942 0.520809939342096 0.581777803599423
0.389741881476979 0.777177319883787 0.59443244577537 0.525252525252525 0.665330417680936 0.706695052611424 0.650871735739303
0.435744670330595 0.777177319883787 0.832035807750534 0.565656565656566 0.220188608780942 0.520809939342096 0.645551250184223
0.194870940738489 0.762341241158298 0.71351356259191 0.505050505050505 0.418095902714342 0.706695052611424 0.594850370202494
0.562543950463012 0.64353383059897 0.334453425336898 0.181818181818182 0.360795757736647 0.520809939342096 0.489658806346677
0.87148934066119 0.767219615885497 0.769179566375217 0.525252525252525 0.455384938511459 0.706695052611424 0.725278833066934
0.787561530648217 0.688091616759741 0.49995345375539 0.454545454545455 0.360795757736647 0.706695052611424 0.628391324974217
0.373149442354017 0.762341241158298 0.573091162707752 0.505050505050505 0.240904306737755 0.520809939342096 0.574715389685929
0.79555728417573 0.743457333441603 0.433265446501317 0.646464646464646 0.281689431707105 0.520809939342096 0.637028601310938
0.934568200571252 0.748087121660947 0.779084042081697 0.141414141414142 0.824573877032569 0.706695052611424 0.792372028965728
0.503154605426628 0.917043168263528 0.47504696087402 0.525252525252525 0.648669762318418 0.706695052611424 0.711380450883175
0.646313792973152 0.734371023668687 0.671135364541484 0.555555555555556 0.545613590043202 0.706695052611424 0.657309402460112
0.225017580185205 0.729911661459648 0.799532506103631 0.363636363636364 0.261403082406245 0.520809939342096 0.562916401450313
0.746298884708034 0.738885783097605 0.59443244577537 0.464646464646465 0.281689431707105 0.706695052611424 0.61712567171893
0 0.473593475118589 0.919765497616754 0.707070707070707 0.491976942010319 0.520809939342096 0.665269286845717
0.927771250724491 0.610167895290793 0.779084042081697 0.202020202020202 0.914251320567156 0.706695052611424 0.7658285225094
0.562543950463012 0.752776650730317 0.601700075244073 0.636363636363637 0.714478150220244 0.706695052611424 0.682671535895965
0.477334370505438 0.70014023818203 0.415992460822536 0.282828282828283 0.220188608780942 0.520809939342096 0.503476320432145
0.159111456835146 0.831522155387879 0.545628012187509 0.494949494949495 0.631866095289913 0.863858676508167 0.641161785488008
0.159111456835146 0.734371023668687 0.344905141083111 0.626262626262626 0.281689431707105 0.706695052611424 0.520933215866048
0.646313792973152 0.661440578432896 0.655015524850102 0.383838383838384 0.491976942010319 0.520809939342096 0.590277338040295
0.420969345526985 0.75752748256787 0.663020978316655 0.505050505050505 0.473766436840801 0.520809939342096 0.622793882010657
0.646313792973152 0.347264830837688 0.207993644798428 0.363636363636364 0.240904306737755 0.520809939342096 0.44994415975804
0.737769474475838 0.75752748256787 0.538925775350605 0.565656565656566 0.455384938511459 0.706695052611424 0.654827300045533
0.595340557787587 0.729911661459648 0.450907375264168 0.595959595959596 0.220188608780942 0.520809939342096 0.58787999757942
0.665610978487843 0.837431772754848 0.879677014649635 0.444444444444444 0.665330417680936 0.863858676508167 0.762508248481849
0.616236022513321 0.71685276701052 0.647114731337652 0.474747474747475 0.681850475119814 0.706695052611424 0.659840873193972
0.914025731571428 0.165969981914185 0.663020978316655 0.313131313131313 0.261403082406245 0.520809939342096 0.601755938071937
0.159111456835146 0.825707095966108 0.481198848912242 0.717171717171717 0.321642148802119 0.520809939342096 0.594455550757858
0.656033342777212 0.772164365091982 0.769179566375217 0.424242424242424 0.762422142981883 0.706695052611424 0.709691789224455
0 0.75752748256787 0.687709551082882 0.656565656565656 0.220188608780942 0.520809939342096 0.533798517272596
0.787561530648217 0.748087121660947 0.180914355372822 0.373737373737374 0.178087734783251 0.520809939342096 0.534267160645801
0.856841417760529 0.672624028821811 0.274068541742796 0.272727272727273 0.341316838923196 0.520809939342096 0.59068381190557
0 0.721153804904131 0.696179515980184 0.505050505050505 0.220188608780942 0.520809939342096 0.504277115876944
0.490414446273684 0.734371023668687 0.722390365774633 0.373737373737374 0.436829205373675 0.706695052611424 0.601825576946082
0.515580046947248 0.792644907821717 0.965267970042682 0.303030303030303 0.30176771222008 0.706695052611424 0.677763303094502
0.463885625362245 0.729911661459648 0.559224925314669 0.636363636363637 0.418095902714342 0.520809939342096 0.609169906996231
0.420969345526985 0.868513392181208 0.687709551082882 0.626262626262626 0.614916940156926 0.706695052611424 0.725319593801659
0.826767381914326 0.647045292314886 0.631611370442549 0.353535353535354 0.580571933104292 0.706695052611424 0.687416406515846
0 0.672624028821811 0.905897178570416 0.767676767676768 0.614916940156926 0.293304947388576 0.716951547247754
0.35578403348241 0.762341241158298 0.769179566375217 0.232323232323232 0.281689431707105 0.706695052611424 0.556713999309862
0.45003516037041 0.591526195820528 1 0.363636363636364 0.563170794626324 0.706695052611424 0.725067888033366
0.693550761103935 0.797950600011803 0.624001526477095 0.484848484848485 0.839808313364644 0.863858676508167 0.73518678442016
0.636445827340584 0.708400445118073 0.587243392199803 0.525252525252525 0.436829205373675 0.863858676508167 0.619290652782958
0.720407760766187 0.797950600011803 0.779084042081697 0.414141414141414 0.648669762318418 0.863858676508167 0.716321636086013
0.914025731571428 0.582552074182571 0.98208969565326 0.343434343434344 0.681850475119814 0.706695052611424 0.788317333214651
0.803473472028271 0.738885783097605 0.779084042081697 0.343434343434344 0.220188608780942 0.706695052611424 0.622652121954378
0.834387518869721 0.75752748256787 0.538925775350605 0.292929292929293 0.321642148802119 0.706695052611424 0.618846658463081
0.729140294881755 0.782260388201481 0.150157055981403 0.565656565656566 0.436829205373675 0.520809939342096 0.611888933952739
0.656033342777212 0.729911661459648 0.679363255225196 0.363636363636364 0.778146044296872 0.863858676508167 0.696608512655786
0.159111456835146 0.752776650730317 0.679363255225196 0.505050505050505 0.491976942010319 0.706695052611424 0.603739186839231
0.194870940738489 0.738885783097605 0.905897178570416 0.808080808080808 0.360795757736647 0.293304947388576 0.676076004163924
0.626422431982715 0.743457333441603 0.468942949634123 0.606060606060606 0.240904306737755 0.706695052611424 0.604483069756033
0.389741881476979 0.803334897903573 0.545628012187509 0.505050505050505 0.156692820308098 0.520809939342096 0.588708789485033
0.463885625362245 0.752776650730317 0.905897178570416 0.434343434343434 0.418095902714342 0.520809939342096 0.686704765650915
0.787561530648217 0.597634464988188 0.855153975404023 0.212121212121212 0.648669762318418 0.706695052611424 0.706695052611536
0.646313792973152 0.75752748256787 0.587243392199803 0.414141414141414 0.527897494571721 0.706695052611424 0.64212901813495
0.515580046947248 0.738885783097605 0.0951901833195501 0.393939393939394 0.321642148802119 0.520809939342096 0.522550153724947
0.819076355384141 0.654171666923067 0.949357586376027 0.353535353535354 0.714478150220244 0.863858676508167 0.787155577371553
0.819076355384141 0.142338484392401 0.759471277199048 0.202020202020202 0.156692820308098 0.706695052611424 0.525863628523278
0.503154605426628 0.221680596779536 0.892552763522339 0.353535353535354 0.436829205373675 0.706695052611424 0.617524696933753
0.225017580185205 0.881730610945764 0.249973735995491 0.686868686868687 0.730590300342701 0.863858676508167 0.62669031844113
0.373149442354017 0.752776650730317 0.71351356259191 0.333333333333333 0.360795757736647 0.706695052611424 0.575997350860214
0.573684516132894 0.725506353457642 0.324118499535554 0.434343434343434 0.30176771222008 0.706695052611424 0.543616254040565
0.626422431982715 0.684162568110802 0.288812495926713 0.464646464646465 0.240904306737755 0.706695052611424 0.51654891252062
0.665610978487843 0.712602034807392 0.552393781596954 0.454545454545455 0.491976942010319 0.520809939342096 0.613587585149421
0.636445827340584 0.743457333441603 0.415992460822536 0.414141414141414 0.30176771222008 0.706695052611424 0.579864428979771
0.720407760766187 0.712602034807392 0.235789056978223 0.414141414141414 0.199251348355557 0.520809939342096 0.519214261858122
0 0.752776650730317 0.731416390285271 0.464646464646465 0.341316838923196 0.706695052611424 0.550929850599346
0.435744670330595 0.668857845270967 0.506308771525534 0.424242424242424 0.261403082406245 0.520809939342096 0.533954678397033
0.636445827340584 0.803334897903573 0.98208969565326 0.505050505050505 0.824573877032569 0.863858676508167 0.819432830301963
0.337526370277807 0.582552074182571 0.71351356259191 0.646464646464646 0.527897494571721 0.293304947388576 0.61414330640673
0 0.95615975298705 0.350176052042464 0.707070707070707 0.839808313364644 0.863858676508167 0.679958069087132
0.779483762953957 0.209834309328689 0.843434255707951 0.444444444444444 0.436829205373675 0.520809939342096 0.640102494543893
0.967837207777989 0.676429649566587 0.740599424456121 0.343434343434344 0.491976942010319 0.863858676508167 0.741944623947812
0.373149442354017 0.721153804904131 0.456874196298115 0.313131313131313 0.220188608780942 0.520809939342096 0.515976465585648
0.275589127304775 0.743457333441603 0.679363255225196 0.545454545454545 0.510019606035228 0.520809939342096 0.617830946954896
0.159111456835146 0.672624028821811 0.71351356259191 0.606060606060606 0.665330417680936 0.706695052611424 0.628534934488446
0.389741881476979 0.61986002860842 0.231104311593892 0.404040404040404 0.220188608780942 0.520809939342096 0.44308203736853
0.562543950463012 0.772164365091982 0.481198848912242 0.515151515151515 0.436829205373675 0.706695052611424 0.625166103298264
0.112508790092602 0.767219615885497 0.329271608040324 0.525252525252525 0.491976942010319 0.520809939342096 0.54879555444879
0.79555728417573 0.396900950119312 0.371572567378153 0.303030303030303 0.0910682891980449 0.520809939342096 0.531795529771167
0.112508790092602 0.738885783097605 0.616481749354921 0.565656565656566 0.473766436840801 0.706695052611424 0.587944596928948
0.515580046947248 0.782260388201481 0.740599424456121 0.424242424242424 0.281689431707105 0.520809939342096 0.616833486669275
0.665610978487843 0.762341241158298 0.740599424456121 0.383838383838384 0.563170794626324 0.863858676508167 0.666071217720485
0.405656211619293 0.75752748256787 0.671135364541484 0.757575757575757 0.30176771222008 0.520809939342096 0.616849070403473
0.71156806696482 0.688091616759741 0.552393781596954 0.363636363636364 0.341316838923196 0.863858676508167 0.571123288782631
0.515580046947248 0.734371023668687 0.71351356259191 0.737373737373737 0.30176771222008 0.520809939342096 0.637995319408799
0.275589127304775 0.708400445118073 0.493650879947444 0.505050505050505 0.473766436840801 0.706695052611424 0.571915437097348
0.684364252704469 0.712602034807392 0.439103930466651 0.303030303030303 0.321642148802119 0.520809939342096 0.54705544692747
0.318222913670292 0.808800165709972 0.820933575344008 0.484848484848485 0.220188608780942 0.520809939342096 0.605000144673187
0.389741881476979 0.688091616759741 0.545628012187509 0.515151515151515 0.39918159915904 0.706695052611424 0.558002804379097
0.787561530648217 0.680275542178024 0.587243392199803 0.262626262626263 0.455384938511459 0.863858676508167 0.626794187738804
0.275589127304775 0.825707095966108 0.609048914839148 0.525252525252525 0.39918159915904 0.706695052611424 0.619562037116283
0.656033342777212 0.71685276701052 0.855153975404023 0.313131313131313 0.455384938511459 0.863858676508167 0.672378282718733
0.787561530648217 0.819983616098888 0.749947958653192 0.222222222222222 0.510019606035228 0.520809939342096 0.676442382478181
0.194870940738489 0.738885783097605 0.59443244577537 0.161616161616162 0.178087734783251 0.520809939342096 0.480177513599614
0.527713002169008 0.782260388201481 0.779084042081697 0.555555555555556 0.580571933104292 0.706695052611424 0.68221254677044
0.251577302713314 0.712602034807392 0.934224745191514 0.555555555555556 0.510019606035228 0.520809939342096 0.709863616002966
0.626422431982715 0.787415559179925 0.879677014649635 0.363636363636364 0.39918159915904 0.706695052611424 0.677193218595887
0.562543950463012 0.762341241158298 0.259541978854217 0.373737373737374 0.281689431707105 0.520809939342096 0.539928399682524
0.71156806696482 0.81434887593674 0.58013041968963 0.484848484848485 0.527897494571721 0.706695052611424 0.680370763830611
0.967837207777989 0.762341241158298 0.879677014649635 0 0 0.706695052611424 0.601038210739397
0.779483762953957 0.777177319883787 0.820933575344008 0.484848484848485 0.730590300342701 0.863858676508167 0.760037250196527
0.605878376899965 0.725506353457642 0.47504696087402 0.303030303030303 0.220188608780942 0.520809939342096 0.537170144646445
0.616236022513321 0.738885783097605 0.387964648155136 0.555555555555556 0.240904306737755 0.706695052611424 0.575646173725629
0.225017580185205 0.862080773629846 0.949357586376027 0.565656565656566 0.240904306737755 0.520809939342096 0.65740803488397
0.35578403348241 0.650591012734727 0.235789056978223 0.222222222222222 0.30176771222008 0.706695052611424 0.447268471551655
0.636445827340584 0.803334897903573 0.919765497616754 0.444444444444444 0.824573877032569 0.863858676508167 0.784573119154329
0.71156806696482 0.917043168263528 0.456874196298115 0.474747474747475 0.580571933104292 0.520809939342096 0.712523969954802
0.539573202175876 0.808800165709972 0.439103930466651 0.575757575757576 0.360795757736647 0.520809939342096 0.627940757739651
0.389741881476979 0.81434887593674 0.779084042081697 0.444444444444444 0.899587467814559 0.706695052611424 0.716392940337625
0.584612822215468 0.721153804904131 0.0787920462607891 0.383838383838384 0.220188608780942 0.520809939342096 0.491023973038945
0.771321404383905 0.831522155387879 0.696179515980184 0.414141414141414 0.341316838923196 0.706695052611424 0.660967910040886
0.626422431982715 0.743457333441603 0.387964648155136 0.434343434343434 0.240904306737755 0.706695052611424 0.568277658881726
0.112508790092602 0.738885783097605 0.769179566375217 0.838383838383838 0.436829205373675 0.520809939342096 0.653564672461538
0.55117825460955 0.752776650730317 0.696179515980184 0.232323232323232 0.220188608780942 0.520809939342096 0.545823173901291
0.787561530648217 0.696079486882504 0.779084042081697 0.414141414141414 0.714478150220244 0.863858676508167 0.723440000842832
0.503154605426628 0.752776650730317 0.538925775350605 0.515151515151515 0.418095902714342 0.706695052611424 0.618077324856252
0 0.606993783758458 0.71351356259191 0.595959595959596 0.39918159915904 0.520809939342096 0.548052441894227
0.746298884708034 0.734371023668687 0.450907375264168 0.505050505050505 0.563170794626324 0.520809939342096 0.639635601676543
0.900070320740819 0.633198533361192 0.879677014649635 0.232323232323232 0.665330417680936 0.863858676508167 0.748660503320962
0.55117825460955 0.752776650730317 0.687709551082882 0.535353535353535 0.455384938511459 0.706695052611424 0.646004473206898
0.527713002169008 0.767219615885497 0.779084042081697 0.545454545454545 0.563170794626324 0.706695052611424 0.675498929429232
0.194870940738489 0.676429649566587 0.283873084486783 0.494949494949495 0.360795757736647 0.520809939342096 0.487086000645771
0.636445827340584 0.729911661459648 0.08287015353909 0.343434343434344 0.240904306737755 0.520809939342096 0.50207672731673
0.787561530648217 0.657787950096322 0.892552763522339 0.393939393939394 0.681850475119814 0.706695052611424 0.759196416699896
0 0.582552074182571 0.696179515980184 0.585858585858586 0.580571933104292 0.706695052611424 0.584853832529328
0.55117825460955 0.738885783097605 0.934224745191514 0.424242424242424 0.240904306737755 0.520809939342096 0.688141816453296
0.35578403348241 0.606993783758458 0.934224745191514 0.515151515151515 0.360795757736647 0.863858676508167 0.66681904185457
0.55117825460955 0.748087121660947 0.810105599189272 0.434343434343434 0.341316838923196 0.520809939342096 0.641664965460492
0.45003516037041 0.767219615885497 0.769179566375217 0.515151515151515 0.281689431707105 0.520809939342096 0.619757546997954
0 0.734371023668687 0.631611370442549 0.555555555555556 0.491976942010319 0.520809939342096 0.581176068166809
0 0.692063606681291 0.892552763522339 0.565656565656566 0.614916940156926 0.863858676508167 0.686009078095311
0 0.808800165709972 0.552393781596954 0.767676767676768 0.321642148802119 0.520809939342096 0.582981689006642
0.746298884708034 0.70014023818203 0.616481749354921 0.676767676767677 0.436829205373675 0.706695052611424 0.674667698443092
0.636445827340584 0.831522155387879 0.740599424456121 0.373737373737374 0.580571933104292 0.863858676508167 0.700051415617414
0.907074864675779 0.762341241158298 0.855153975404023 0.363636363636364 0.665330417680936 0.706695052611424 0.778243310348603
0.737769474475838 0.623149041646713 0.663020978316655 0.303030303030303 0.491976942010319 0.520809939342096 0.618028812253032
0.420969345526985 0.803334897903573 0.624001526477095 0.333333333333333 0.240904306737755 0.520809939342096 0.58081873371806
0.490414446273684 0.64353383059897 0.587243392199803 0.333333333333333 0.240904306737755 0.520809939342096 0.507874967507259
0.746298884708034 0.517770702647398 0.559224925314669 0.525252525252525 0.321642148802119 0.293304947388576 0.613031032052585
0.527713002169008 0.752776650730317 0.704778815762641 0.404040404040404 0.455384938511459 0.706695052611424 0.61979111573033
0.934568200571252 0.676429649566587 0.679363255225196 0.242424242424243 0.491976942010319 0.706695052611424 0.711931806006839
0.834387518869721 0.75752748256787 0.538925775350605 0.292929292929293 0.321642148802119 0.706695052611424 0.618846658463081
0.779483762953957 0.895446708938024 0.965267970042682 0.343434343434344 0.714478150220244 0.863858676508167 0.822042284737861
0.318222913670292 0.640055971902848 0.609048914839148 0.272727272727273 0.527897494571721 0.520809939342096 0.510161872634021
0.616236022513321 0.81434887593674 0.855153975404023 0.464646464646465 0.436829205373675 0.706695052611424 0.69083085222989
0.605878376899965 0.626468091749391 0.189864603230453 0.292929292929293 0.156692820308098 0.520809939342096 0.439043833108
0.527713002169008 0.721153804904131 0.843434255707951 0.404040404040404 0.321642148802119 0.706695052611424 0.643323842221377
0.834387518869721 0.734371023668687 0.867223768208949 0.121212121212121 0.220188608780942 0.520809939342096 0.615964801525058
0.665610978487843 0.725506353457642 0.655015524850102 0.373737373737374 0.545613590043202 0.706695052611424 0.635610657863058
0.159111456835146 0.738885783097605 0.226440812548865 0.242424242424243 0.281689431707105 0.520809939342096 0.469474464892262
0.251577302713314 0.734371023668687 0.298767508619514 0.505050505050505 0.341316838923196 0.520809939342096 0.522677522973735
0.71156806696482 0.692063606681291 0.740599424456121 0.212121212121212 0.347831370703953 0.706695052611424 0.583385134384817
0.787561530648217 0.324777238755985 0.820933575344008 0.454545454545455 0.473766436840801 0.706695052611424 0.647482360112877
0 0.797950600011803 0.779084042081697 0.565656565656566 0.545613590043202 0.706695052611424 0.63926865166286
0.779483762953957 0.752776650730317 0.820933575344008 0.232323232323232 0.527897494571721 0.520809939342096 0.682050480233472
0.463885625362245 0.708400445118073 0.545628012187509 0.282828282828283 0.220188608780942 0.520809939342096 0.517485910074478
0 0.473593475118589 0.919765497616754 0.707070707070707 0.491976942010319 0.520809939342096 0.665269286845717
0.194870940738489 0.738885783097605 0.339664436663384 0.676767676767677 0.30176771222008 0.706695052611424 0.535504816428476
0.914025731571428 0.582552074182571 0.98208969565326 0.343434343434344 0.681850475119814 0.706695052611424 0.788317333214651
0.420969345526985 0.71685276701052 0.639314597208176 0.575757575757576 0.281689431707105 0.706695052611424 0.581293924417989
0.787561530648217 1 0.843434255707951 0.535353535353535 0.762422142981883 0.706695052611424 0.864226307994258
0.389741881476979 0.591526195820528 0.671135364541484 0.616161616161616 0.580571933104292 0.863858676508167 0.610728600357925
0.515580046947248 0.734371023668687 0.71351356259191 0.737373737373737 0.30176771222008 0.520809939342096 0.637995319408799
0.490414446273684 0.729911661459648 0.687709551082882 0.636363636363637 0.436829205373675 0.520809939342096 0.628970466635078
0.746298884708034 0.808800165709972 0.58013041968963 0.444444444444444 0.614916940156926 0.706695052611424 0.69404328830427
0 0.895446708938024 0.934224745191514 0.494949494949495 0.809219953705068 0.863858676508167 0.721545769543177
0.515580046947248 0.708400445118073 0.450907375264168 0.262626262626263 0.178087734783251 0.520809939342096 0.504685350580436
0.811312423238586 0.782260388201481 0.679363255225196 0.242424242424243 0.135061493153595 0.706695052611424 0.587290636800777
0.771321404383905 0.597634464988188 0.892552763522339 0.444444444444444 0.30176771222008 0.706695052611424 0.685942256416465
0.337526370277807 0.825707095966108 0.843434255707951 0.565656565656566 0.580571933104292 0.706695052611424 0.701200987770183
0.503154605426628 0.668857845270967 0.217176413958118 0.272727272727273 0.178087734783251 0.520809939342096 0.457509459651267
0 0.725506353457642 0.749947958653192 0.585858585858586 0.220188608780942 0.520809939342096 0.52743445968351
0.834387518869721 0.782260388201481 0.832035807750534 0.252525252525252 0.491976942010319 0.706695052611424 0.687829379893591
0.515580046947248 0.636611079188001 0.663020978316655 0.313131313131313 0.240904306737755 0.520809939342096 0.518243934730242
0.746298884708034 0.762341241158298 0.779084042081697 0.212121212121212 0.178087734783251 0.863858676508167 0.571804227033003
0.616236022513321 0.843439074159581 0.487399758303867 0.404040404040404 0.380082762899733 0.706695052611424 0.63582134260006
0.573684516132894 0.743457333441603 0.0993259349065139 0.373737373737374 0.240904306737755 0.520809939342096 0.507055665537055
0.616236022513321 0.767219615885497 0.360810622834665 0.535353535353535 0.135061493153595 0.520809939342096 0.570823896310257
0 0.862080773629846 0.759471277199048 0.505050505050505 0.240904306737755 0.520809939342096 0.582059029116987
0.914025731571428 1 0.339664436663384 0.808080808080808 0.614916940156926 0.706695052611424 0.815894312392674
0.927771250724491 0.71685276701052 0.769179566375217 0.323232323232323 0.665330417680936 0.520809939342096 0.773052834805934
0.55117825460955 0.752776650730317 0.696179515980184 0.232323232323232 0.220188608780942 0.520809939342096 0.545823173901291
0.573684516132894 0.787415559179925 0.180914355372822 0.515151515151515 0.220188608780942 0.520809939342096 0.541742188486526
0.527713002169008 0.772164365091982 0.387964648155136 0.434343434343434 0.178087734783251 0.520809939342096 0.567706568798753
0.907074864675779 0.738885783097605 0.98208969565326 0.414141414141414 0.527897494571721 0.520809939342096 0.784372411840714
0.826767381914326 0.71685276701052 0.47504696087402 0.242424242424243 0.436829205373675 0.706695052611424 0.63222706707413
0 0.787415559179925 0.892552763522339 0.393939393939394 0.341316838923196 0.706695052611424 0.615963044074459
0.112508790092602 0.738885783097605 0.769179566375217 0.838383838383838 0.436829205373675 0.520809939342096 0.653564672461538
0 0.81434887593674 0.810105599189272 0.535353535353535 0.341316838923196 0.863858676508167 0.593066093330851
0.503154605426628 0.696079486882504 0.512718180032647 0.484848484848485 0.261403082406245 0.706695052611424 0.569251909925237
0.616236022513321 0.762341241158298 0.799532506103631 0.454545454545455 0.418095902714342 0.706695052611424 0.655607249973054
0.251577302713314 0.743457333441603 0.843434255707951 0.434343434343434 0.199251348355557 0.520809939342096 0.586110838305126
0.503154605426628 0.855760032395149 0.799532506103631 0.525252525252525 0.648669762318418 0.520809939342096 0.714493406191619
0.702617168930528 0.748087121660947 0.616481749354921 0.454545454545455 0.778146044296872 0.863858676508167 0.69773369601572
0.503154605426628 0.772164365091982 0.609048914839148 0.242424242424243 0.199251348355557 0.520809939342096 0.544081281894422
0 0.688091616759741 0.71351356259191 0.525252525252525 0.341316838923196 0.706695052611424 0.533751373890144
0.373149442354017 0.696079486882504 0.481198848912242 0.333333333333333 0.261403082406245 0.520809939342096 0.515203776659373
0.702617168930528 0.738885783097605 0.532285314236051 0.616161616161616 0.510019606035228 0.706695052611424 0.650316350582486
0.787561530648217 0.748087121660947 0.393497630618372 0.333333333333333 0.341316838923196 0.706695052611424 0.592095269403693
0.194870940738489 0.712602034807392 0.51918308436093 0.515151515151515 0.39918159915904 0.520809939342096 0.55014194856437
0.656033342777212 0.782260388201481 0.456874196298115 0.585858585858586 0.380082762899733 0.863858676508167 0.63277766363776
0.337526370277807 0.748087121660947 0.722390365774633 0.595959595959596 0.563170794626324 0.706695052611424 0.647656838851077
0.720407760766187 0.792644907821717 0.647114731337652 0.434343434343434 0.510019606035228 0.863858676508167 0.667445334206228
0.626422431982715 0.70014023818203 0.59443244577537 0.252525252525252 0.341316838923196 0.706695052611424 0.550202389449684
0.787561530648217 0.71685276701052 0.631611370442549 0.292929292929293 0.436829205373675 0.706695052611424 0.631567814682871
0.573684516132894 0.772164365091982 0.339664436663384 0.444444444444444 0.30176771222008 0.520809939342096 0.570702674689227
0.763071740410204 0.734371023668687 0.965267970042682 0.242424242424243 0.418095902714342 0.706695052611424 0.719227683637381
0.914025731571428 0.588510133197105 0.892552763522339 0.191919191919192 0.614916940156926 0.863858676508167 0.736675348721591
0.79555728417573 0.216248007430229 0.377002759040287 0.181818181818182 0.240904306737755 0.706695052611424 0.503832857566066
0.194870940738489 0.743457333441603 0.919765497616754 0.666666666666667 0.730590300342701 0.520809939342096 0.757242998908154
0.573684516132894 0.895446708938024 0.399066196062592 0.292929292929293 0.510019606035228 0.706695052611424 0.649689268147964
0.420969345526985 0.708400445118073 0.616481749354921 0.464646464646465 0.436829205373675 0.706695052611424 0.582195710388306
0.275589127304775 0.843439074159581 0.843434255707951 0.555555555555556 0.491976942010319 0.863858676508167 0.675646206857789
0.787561530648217 0.676429649566587 0.78919710171163 0.0606060606060606 0.545613590043202 0.520809939342096 0.65072776128023
0.907074864675779 0.825707095966108 0.769179566375217 0.171717171717172 0.321642148802119 0.520809939342096 0.668379329358664
0.55117825460955 0.650591012734727 0.704778815762641 0.424242424242424 0.341316838923196 0.706695052611424 0.58056343004123
0.159111456835146 0.777177319883787 0.687709551082882 0.727272727272727 0.746570921242214 0.863858676508167 0.692106283215356
0.159111456835146 0.748087121660947 0.722390365774633 0.545454545454545 0.30176771222008 0.520809939342096 0.558408579271223
0.900070320740819 0.849547343327241 0.552393781596954 0.484848484848485 0.563170794626324 0.706695052611424 0.738080062994206
0.159111456835146 0.708400445118073 0.308826770812187 0.686868686868687 0.341316838923196 0.520809939342096 0.52080993934216
0.477334370505438 0.748087121660947 0.49995345375539 0.454545454545455 0.30176771222008 0.520809939342096 0.586082858017932
0.55117825460955 0.748087121660947 0.810105599189272 0.434343434343434 0.341316838923196 0.520809939342096 0.641664965460492
0.71156806696482 0.808800165709972 0 0.393939393939394 0.681850475119814 0.706695052611424 0.608343449014813
0.779483762953957 0.729911661459648 0.456874196298115 0.484848484848485 0.178087734783251 0.520809939342096 0.611455913654504
0.35578403348241 0.70014023818203 0.639314597208176 0.434343434343434 0.240904306737755 0.520809939342096 0.540367677120457
0.626422431982715 0.767219615885497 0.59443244577537 0.555555555555556 0.220188608780942 0.706695052611424 0.635842682679932
0 0.909700828435375 0.481198848912242 0.828282828282828 1 0.706695052611424 0.751951558751891
0.779483762953957 0.825707095966108 0.769179566375217 0.262626262626263 0.199251348355557 0.706695052611424 0.612590990534431
0.763071740410204 0.64353383059897 0.949357586376027 0.262626262626263 0.665330417680936 0.863858676508167 0.767206683508933
0.702617168930528 0.636611079188001 0.704778815762641 0.0303030303030305 0.261403082406245 0.520809939342096 0.521977136575946
0.477334370505438 0.335098558052557 0.58013041968963 0.545454545454545 0.39918159915904 0.706695052611424 0.498781385652539
0.927771250724491 0.151246613209855 0.525704951500799 0.161616161616162 0.199251348355557 0.520809939342096 0.558743193887372
0.584612822215468 0.676429649566587 0.399066196062592 0.272727272727273 0.156692820308098 0.706695052611424 0.491913549097783
0.616236022513321 0.81434887593674 0.820933575344008 0.757575757575757 0.341316838923196 0.706695052611424 0.718495029676315
0.71156806696482 0.772164365091982 0.759471277199048 0.484848484848485 0.380082762899733 0.706695052611424 0.655265792052436
0.720407760766187 0.688091616759741 0.552393781596954 0.454545454545455 0.436829205373675 0.706695052611424 0.607784542468244
0.463885625362245 0.338102157465118 0.843434255707951 0.545454545454545 0.39918159915904 0.706695052611424 0.622619259828582
0.515580046947248 0.738885783097605 0.704778815762641 0.727272727272727 0.30176771222008 0.520809939342096 0.637339039652738
0.55117825460955 0.743457333441603 0.512718180032647 0.323232323232323 0.360795757736647 0.706695052611424 0.568489825258046
0.35578403348241 0.782260388201481 0.481198848912242 0.424242424242424 0.178087734783251 0.520809939342096 0.559030799829045
0.974354703692446 0.721153804904131 0.616481749354921 0.181818181818182 0.59781975559448 0.863858676508167 0.751962170337326
0.463885625362245 0.855760032395149 0.249973735995491 1 0.839808313364644 0.706695052611424 0.765647513695972
0.675052740555614 0.734371023668687 0.892552763522339 0.414141414141414 0.510019606035228 0.706695052611424 0.716619315845284
0.527713002169008 0.777177319883787 0.631611370442549 0.505050505050505 0.156692820308098 0.520809939342096 0.616315680684196
0.684364252704469 0.762341241158298 0.905897178570416 0.363636363636364 0.178087734783251 0.520809939342096 0.666657531899742
0.159111456835146 0.777177319883787 0.820933575344008 0.313131313131313 0.178087734783251 0.293304947388576 0.544990149057127
0.373149442354017 0.721153804904131 0.71351356259191 0.545454545454545 0.321642148802119 0.520809939342096 0.578078281801121
0.573684516132894 0.767219615885497 0.78919710171163 0.292929292929293 0.178087734783251 0.520809939342096 0.583565694004493
0.337526370277807 0.888523957527054 0.704778815762641 0.686868686868687 0.580571933104292 0.520809939342096 0.725067522811367
0.636445827340584 0.696079486882504 0.217176413958118 0.464646464646465 0.545613590043202 0.520809939342096 0.574491328807402
0.159111456835146 0.729911661459648 0.308826770812187 0.696969696969697 0.281689431707105 0.706695052611424 0.52190609176461
0.337526370277807 0.692063606681291 0.573091162707752 0.484848484848485 0.455384938511459 0.863858676508167 0.569961928340257
0.763071740410204 0.610167895290793 0.965267970042682 0.323232323232323 0.510019606035228 0.706695052611424 0.739992504911017
0.907074864675779 0.797950600011803 0.749947958653192 0.202020202020202 0.580571933104292 0.706695052611424 0.73550504002146
0.693550761103935 0.734371023668687 0.462885714494757 0.292929292929293 0.30176771222008 0.520809939342096 0.554066932937381
0.71156806696482 0.895446708938024 0.949357586376027 0.474747474747475 0.824573877032569 0.863858676508167 0.829174614391339
0.297670278893794 0.762341241158298 0.559224925314669 0.525252525252525 0.240904306737755 0.520809939342096 0.555259330150065
0.900070320740819 0.684162568110802 0.624001526477095 0.686868686868687 0.436829205373675 0.520809939342096 0.748976104595902
0.787561530648217 0.71685276701052 0.0910690716990418 0.363636363636364 0.220188608780942 0.520809939342096 0.533399441671146
0.675052740555614 0.721153804904131 0.855153975404023 0.414141414141414 0.491976942010319 0.706695052611424 0.692970187660059
0.737769474475838 0.782260388201481 0.779084042081697 0.595959595959596 0.563170794626324 0.863858676508167 0.709550547668785
0.616236022513321 0.831522155387879 0.919765497616754 0.585858585858586 0.614916940156926 0.863858676508167 0.775840315107309
0.656033342777212 0.909700828435375 0.98208969565326 0.545454545454545 0.527897494571721 0.863858676508167 0.792139014102333
0.71156806696482 0.782260388201481 0.832035807750534 0.707070707070707 0.455384938511459 0.706695052611424 0.751076420934423
0.684364252704469 0.940004495098794 0.49995345375539 0.555555555555556 0.714478150220244 0.706695052611424 0.757766611191291
0.787561530648217 0.684162568110802 0.382466575144138 0.444444444444444 0.473766436840801 0.863858676508167 0.625029203288268
0.702617168930528 0.843439074159581 0.532285314236051 0.323232323232323 0.527897494571721 0.863858676508167 0.675023176053262
0.159111456835146 0.721153804904131 0.71351356259191 0.505050505050505 0.436829205373675 0.706695052611424 0.577149869226201
0.45003516037041 0.81434887593674 0.867223768208949 0.565656565656566 0.436829205373675 0.863858676508167 0.688330281902133
0 0.81434887593674 0.696179515980184 0.414141414141414 0.281689431707105 0.520809939342096 0.556885347228071
0.864196414617635 0.708400445118073 0.573091162707752 0.323232323232323 0.527897494571721 0.706695052611424 0.688872124928138
0 0.895446708938024 0.98208969565326 0.555555555555556 0.39918159915904 0.520809939342096 0.697051193012303
0.159111456835146 0.777177319883787 0.318993627879382 0.464646464646465 0.545613590043202 0.706695052611424 0.554326358564395
0.693550761103935 0.672624028821811 0.843434255707951 0.343434343434344 0.220188608780942 0.520809939342096 0.628396615113341
0 0.797950600011803 0.679363255225196 0.626262626262626 0.59781975559448 0.706695052611424 0.649573095339807
0.803473472028271 0.140582763778253 0.462885714494757 0.141414141414142 0.178087734783251 0.520809939342096 0.486256854237993
0.616236022513321 0.721153804904131 0.566123375817332 0.545454545454545 0.380082762899733 0.706695052611424 0.622098172435901
0 0.684162568110802 0.740599424456121 0.505050505050505 0.220188608780942 0.706695052611424 0.512436979814175
0.35578403348241 0.808800165709972 0.532285314236051 0.535353535353535 0.199251348355557 0.520809939342096 0.587499063193253
0.35578403348241 0.71685276701052 0.226440812548865 0.292929292929293 0.30176771222008 0.520809939342096 0.494154443872457
0.675052740555614 0.767219615885497 0.344905141083111 0.474747474747475 0.436829205373675 0.520809939342096 0.609357175618138
0 0.721153804904131 0.919765497616754 0.484848484848485 0.281689431707105 0.293304947388576 0.61508991745749
0.87148934066119 0.505614604228817 0.843434255707951 0.181818181818182 0.220188608780942 0.520809939342096 0.604437522337033
0.275589127304775 0.752776650730317 0.355477697957986 0.656565656565656 0.240904306737755 0.520809939342096 0.538800306848069
0.55117825460955 0.62981773260671 0.26920267494633 0.404040404040404 0.199251348355557 0.520809939342096 0.470148499233056
0.194870940738489 0.782260388201481 0.512718180032647 0.757575757575757 0.809219953705068 0.706695052611424 0.669841840161208
0.225017580185205 0.797950600011803 0.905897178570416 0.676767676767677 0.491976942010319 0.706695052611424 0.707225636108108
0.967837207777989 0.676429649566587 0.740599424456121 0.343434343434344 0.491976942010319 0.863858676508167 0.741944623947812
0.636445827340584 0.81434887593674 0.49995345375539 0.606060606060606 0.321642148802119 0.520809939342096 0.654259768311912
0.878721741357398 0.616600513842155 0.303783903569547 0.303030303030303 0.156692820308098 0.520809939342096 0.59036749983955
0.79555728417573 0.696079486882504 0.587243392199803 0.292929292929293 0.436829205373675 0.520809939342096 0.629721196324906
0.503154605426628 0.932188420517077 0.49995345375539 0.505050505050505 0.510019606035228 0.520809939342096 0.706875124923135
0.665610978487843 0.688091616759741 0.439103930466651 0.353535353535354 0.436829205373675 0.706695052611424 0.568741002482775
0.562543950463012 0.734371023668687 0.663020978316655 0.606060606060606 0.527897494571721 0.520809939342096 0.653427064509382
0.405656211619293 0.704246874647996 0.892552763522339 0.585858585858586 0.614916940156926 0.520809939342096 0.728138613163436
0.275589127304775 0.837431772754848 0.71351356259191 0.656565656565656 0.59781975559448 0.293304947388576 0.698135087773767
0.225017580185205 0.808800165709972 0.820933575344008 0.676767676767677 0.321642148802119 0.520809939342096 0.622837701033817
0.787561530648217 0.767219615885497 0.810105599189272 0.121212121212121 0.321642148802119 0.863858676508167 0.61448997756892
0.646313792973152 0.849547343327241 0.740599424456121 0.505050505050505 0.360795757736647 0.706695052611424 0.688308249402847
0.834387518869721 0.734371023668687 0.456874196298115 0.464646464646465 0.491976942010319 0.863858676508167 0.665070745161209
0.771321404383905 0.712602034807392 0.421710547869801 0.505050505050505 0.156692820308098 0.520809939342096 0.596620082029056
0.194870940738489 0.688091616759741 0.832035807750534 0.535353535353535 0.261403082406245 0.520809939342096 0.586768844784586
0.754731908139941 0.59456749775507 0.450907375264168 0.373737373737374 0.510019606035228 0.706695052611424 0.60569623786758
0.927771250724491 0.71685276701052 0.616481749354921 0.202020202020202 0.341316838923196 0.706695052611424 0.663398485375373
0.194870940738489 0.738885783097605 0.616481749354921 0.585858585858586 0.510019606035228 0.706695052611424 0.606530250938698
0.893010836681381 0.692063606681291 0.843434255707951 0.303030303030303 0.240904306737755 0.520809939342096 0.657800462867984
0.573684516132894 0.668857845270967 0.71351356259191 0.414141414141414 0.199251348355557 0.706695052611424 0.573053919270935
0.787561530648217 0.721153804904131 0.410312880726068 0.494949494949495 0.281689431707105 0.520809939342096 0.612181012125931
0.71156806696482 0.895446708938024 0.949357586376027 0.474747474747475 0.824573877032569 0.863858676508167 0.829174614391339
0.490414446273684 0.734371023668687 0.240495341762506 0.464646464646465 0.240904306737755 0.520809939342096 0.515711678538657
0.405656211619293 0.855760032395149 0.799532506103631 0.353535353535354 0.321642148802119 0.706695052611424 0.632155165739906
0.490414446273684 0.752776650730317 0.663020978316655 0.515151515151515 0.436829205373675 0.520809939342096 0.627215411831535
0.573684516132894 0.725506353457642 0.278958557206555 0.404040404040404 0.321642148802119 0.520809939342096 0.538346119225234
0.337526370277807 0.692063606681291 0.573091162707752 0.484848484848485 0.455384938511459 0.863858676508167 0.569961928340257
0.893010836681381 0.782260388201481 0.879677014649635 0.131313131313132 0.380082762899733 0.520809939342096 0.679478199619694
0.626422431982715 0.743457333441603 0.468942949634123 0.606060606060606 0.240904306737755 0.706695052611424 0.604483069756033
0.893010836681381 0.70014023818203 0.587243392199803 0.151515151515151 0.491976942010319 0.706695052611424 0.678388998945497
0.225017580185205 1 0.965267970042682 0.545454545454545 0.220188608780942 0.520809939342096 0.684061058235558
0.159111456835146 0.672624028821811 0.905897178570416 0.555555555555556 0.527897494571721 0.293304947388576 0.689536911592761
0.779483762953957 0.576690117095038 0.573091162707752 0.171717171717172 0.281689431707105 0.706695052611424 0.558701446078798
0.490414446273684 0.762341241158298 0.647114731337652 0.707070707070707 0.809219953705068 0.706695052611424 0.725351285467195
0.779483762953957 0.825707095966108 0.769179566375217 0.262626262626263 0.199251348355557 0.706695052611424 0.612590990534431
0.754731908139941 0.803334897903573 0.919765497616754 0.393939393939394 0.746570921242214 0.863858676508167 0.803238299726532
0.515580046947248 0.738885783097605 0.679363255225196 0.474747474747475 0.240904306737755 0.520809939342096 0.600705136709647
0.55117825460955 0.708400445118073 0.740599424456121 0.282828282828283 0.380082762899733 0.520809939342096 0.585752687303011
0.225017580185205 0.792644907821717 0.879677014649635 0.545454545454545 0.220188608780942 0.706695052611424 0.611954145393696
0.584612822215468 0.623149041646713 0.334453425336898 0.383838383838384 0.199251348355557 0.520809939342096 0.485450639141062
0.656033342777212 0.729911661459648 0.892552763522339 0.434343434343434 0.473766436840801 0.706695052611424 0.706775233600026
0.225017580185205 0.59456749775507 0.525704951500799 0.353535353535354 0.510019606035228 0.706695052611424 0.484928216602605
0.787561530648217 0.772164365091982 0.616481749354921 0.161616161616162 0.240904306737755 0.520809939342096 0.571683012923099
0 0.64353383059897 0.722390365774633 0.666666666666667 0.473766436840801 0.706695052611424 0.581315493556707
0.754731908139941 0.762341241158298 0.810105599189272 0.555555555555556 0.681850475119814 0.863858676508167 0.744800405888262
0.656033342777212 0.831522155387879 0.799532506103631 0.363636363636364 0.510019606035228 0.706695052611424 0.687328959654774
0.194870940738489 0.743457333441603 0.587243392199803 0.727272727272727 0.563170794626324 0.293304947388576 0.632581336777913
0.194870940738489 0.696079486882504 0.820933575344008 0.343434343434344 0.261403082406245 0.520809939342096 0.565701415653961
0.927771250724491 0.097679175778254 0.444984268971041 0.222222222222222 0.199251348355557 0.520809939342096 0.558900154051992
0.515580046947248 0.947992365221557 0.120229892861146 0.464646464646465 0.240904306737755 0.520809939342096 0.608520590477847
0.318222913670292 0.819983616098888 0.687709551082882 0.474747474747475 0.281689431707105 0.520809939342096 0.598497899227729
0.539573202175876 0.777177319883787 0.799532506103631 0.545454545454545 0.563170794626324 0.706695052611424 0.687101356896172
0.787561530648217 0.808800165709972 0.679363255225196 0.343434343434344 0.698232287779921 0.863858676508167 0.722195365084116
0.225017580185205 0.752776650730317 0.749947958653192 0.838383838383838 0.220188608780942 0.706695052611424 0.606492508002484
0.71156806696482 0.665130289924475 0.759471277199048 0.626262626262626 0.281689431707105 0.520809939342096 0.669836846077784
0.515580046947248 0.782260388201481 0.740599424456121 0.424242424242424 0.281689431707105 0.520809939342096 0.616833486669275
0.787561530648217 0.676429649566587 0.78919710171163 0.0606060606060606 0.545613590043202 0.520809939342096 0.65072776128023
0.729140294881755 0.712602034807392 0.832035807750534 0.494949494949495 0.59781975559448 0.706695052611424 0.721079775417972
0.318222913670292 0.75752748256787 0.779084042081697 0.626262626262626 0.135061493153595 0.520809939342096 0.585356329189653
0.112508790092602 0.748087121660947 0.655015524850102 0.484848484848485 0.648669762318418 0.863858676508167 0.605749597806879
0.490414446273684 0.762341241158298 0.587243392199803 0.535353535353535 0.341316838923196 0.706695052611424 0.618442325201882
0.914025731571428 0.767219615885497 0.587243392199803 0.393939393939394 0.135061493153595 0 0.666814870292867
0.754731908139941 0.772164365091982 0.905897178570416 0.373737373737374 0.7937446542304 1 0.797710366420575
0.225017580185205 0.71685276701052 0.573091162707752 0.494949494949495 0.240904306737755 0.520809939342096 0.515892871424334
0.746298884708034 0.71685276701052 0.799532506103631 0.424242424242424 0.240904306737755 0.520809939342096 0.639235251007721
0.841938691053969 0.50323142545765 0.892552763522339 0.353535353535354 0.631866095289913 0.706695052611424 0.71518650802543
0 0.81434887593674 0.552393781596954 0.636363636363637 0.631866095289913 0.520809939342096 0.642034976637496
0.405656211619293 0.868513392181208 0.740599424456121 0.767676767676768 0.762422142981883 0.706695052611424 0.775950992628214
0.646313792973152 0.738885783097605 0.08287015353909 0.444444444444444 0.240904306737755 0.520809939342096 0.515879597038713
0.573684516132894 0.153054743607648 0.559224925314669 0.303030303030303 0.220188608780942 0.520809939342096 0.418531923730934
0.605878376899965 0.570921210884366 0.867223768208949 0.363636363636364 0.563170794626324 0.520809939342096 0.694041053811805
0.539573202175876 0.676429649566587 0.655015524850102 0.424242424242424 0.281689431707105 0.520809939342096 0.561273338364308
0.729140294881755 0.738885783097605 0.749947958653192 0.353535353535354 0.220188608780942 0.706695052611424 0.595613785071899
0.729140294881755 0.382987922585351 0.892552763522339 0.333333333333333 0.240904306737755 0.706695052611424 0.629017510610092
0.405656211619293 0.75752748256787 0.820933575344008 0.434343434343434 0.360795757736647 0.520809939342096 0.63169261497442
0.763071740410204 0.680275542178024 0.949357586376027 0.414141414141414 0.730590300342701 0.863858676508167 0.795885660881393
0.702617168930528 0.819983616098888 0.71351356259191 0.404040404040404 0.380082762899733 0.520809939342096 0.651735436635775
0 0.721153804904131 0.78919710171163 0.757575757575757 0.321642148802119 0.706695052611424 0.58732674514324
0.35578403348241 0.75752748256787 0.587243392199803 0.505050505050505 0.220188608780942 0.706695052611424 0.567253019049631
0.803473472028271 0.64353383059897 0.78919710171163 0.424242424242424 0.360795757736647 0.706695052611424 0.649106137074349
0.225017580185205 0.688091616759741 0.538925775350605 0.404040404040404 0.30176771222008 0.520809939342096 0.507569997568544
0 0.875061919985766 0.919765497616754 0.616161616161616 0.839808313364644 0.706695052611424 0.747629076616982
0.665610978487843 0.704246874647996 0.647114731337652 0.484848484848485 0.178087734783251 0.520809939342096 0.591549368658974
0.693550761103935 0.825707095966108 0.832035807750534 0.444444444444444 0.698232287779921 0.863858676508167 0.749189868965572
0.729140294881755 0.522749321054813 0.58013041968963 0.525252525252525 0.321642148802119 0 0.608050400912177
0.297670278893794 0.692063606681291 0.810105599189272 0.525252525252525 0.580571933104292 0.706695052611424 0.659511514119278
0.907074864675779 0.738885783097605 0.98208969565326 0.414141414141414 0.527897494571721 0.520809939342096 0.784372411840714
0.112508790092602 0.787415559179925 0.892552763522339 0.464646464646465 0.527897494571721 0.293304947388576 0.670037245915757
0.275589127304775 0.743457333441603 0.949357586376027 0.535353535353535 0.30176771222008 0.520809939342096 0.664982989927643
0.55117825460955 0.75752748256787 0.221798273368364 0.414141414141414 0.220188608780942 0.520809939342096 0.520809939342013
0.893010836681381 0.772164365091982 0.78919710171163 0.353535353535354 0.510019606035228 0.706695052611424 0.724651589369418
0.373149442354017 0.684162568110802 0.609048914839148 0.454545454545455 0.240904306737755 0.706695052611424 0.536484321693173
0.159111456835146 0.792644907821717 0.59443244577537 0.616161616161616 0.527897494571721 0.520809939342096 0.634290067640255
0.35578403348241 0.734371023668687 0.344905141083111 0.626262626262626 0.341316838923196 0.520809939342096 0.55464480070484
0.803473472028271 0.134503687225598 0.487399758303867 0.171717171717172 0.135061493153595 0.520809939342096 0.485637620189791
0.318222913670292 0.803334897903573 0.704778815762641 0.666666666666667 0.527897494571721 0.293304947388576 0.667331859009906
0.819076355384141 0.767219615885497 0.843434255707951 0.343434343434344 0.698232287779921 0.863858676508167 0.752288745952356
0.503154605426628 0.712602034807392 0.71351356259191 0.252525252525252 0.341316838923196 0.520809939342096 0.556229224774623
0.515580046947248 0.932188420517077 0.58013041968963 0.616161616161616 0.281689431707105 0.706695052611424 0.70669505261147
0.841938691053969 0.738885783097605 0.855153975404023 0.292929292929293 0.648669762318418 1 0.739838120496568
0.729140294881755 0.792644907821717 0.855153975404023 0.353535353535354 0.746570921242214 0.706695052611424 0.76282210763165
0.318222913670292 0.696079486882504 0.609048914839148 0.595959595959596 0.436829205373675 0.520809939342096 0.577956847952292
0.159111456835146 0.752776650730317 0.679363255225196 0.505050505050505 0.491976942010319 0.706695052611424 0.603739186839231
0 0.424516771227534 0.601700075244073 0.454545454545455 0.220188608780942 0.706695052611424 0.419615093775564
0.787561530648217 0.849547343327241 0.905897178570416 0.191919191919192 0.436829205373675 0.863858676508167 0.703758855537172
0.45003516037041 0.792644907821717 0.769179566375217 0.565656565656566 0.360795757736647 0.863858676508167 0.642353753136083
0.562543950463012 0.734371023668687 0.655015524850102 0.575757575757576 0.135061493153595 0.706695052611424 0.615533178565268
1 0.591526195820528 0.399066196062592 0.323232323232323 0.854925108088018 0.520809939342096 0.733510927723662
0.112508790092602 0.843439074159581 0.759471277199048 0.545454545454545 0.30176771222008 0.706695052611424 0.602720288850944
0.527713002169008 0.762341241158298 0.377002759040287 0.383838383838384 0.240904306737755 0.706695052611424 0.561338112500288
0.636445827340584 0.787415559179925 0.439103930466651 0.484848484848485 0.839808313364644 0.706695052611424 0.688490368295822
0.503154605426628 0.75752748256787 0.655015524850102 0.454545454545455 0.220188608780942 0.520809939342096 0.599164656500809
0.490414446273684 0.484708514503008 0.487399758303867 0.767676767676768 0.527897494571721 0.520809939342096 0.623737159421474
0.787561530648217 0.721153804904131 0.410312880726068 0.494949494949495 0.281689431707105 0.520809939342096 0.612181012125931
0.626422431982715 0.792644907821717 0.185380156005387 0.434343434343434 0.199251348355557 0.520809939342096 0.536735625911132
0.811312423238586 0.696079486882504 0.78919710171163 0.505050505050505 0.418095902714342 0.520809939342096 0.683774680253512
0.55117825460955 0.748087121660947 0.10347648359982 0.353535353535354 0.240904306737755 0.520809939342096 0.505906858504437
0.435744670330595 0.650591012734727 0.704778815762641 0.373737373737374 0.341316838923196 0.520809939342096 0.557265625204746
0.477334370505438 0.973066683243184 0.274068541742796 0.606060606060606 0.839808313364644 0.863858676508167 0.737069118846573
0.787561530648217 0.704246874647996 0.616481749354921 0.626262626262626 0.156692820308098 0.520809939342096 0.665565410155362
0.297670278893794 0.657787950096322 0.51918308436093 0.747474747474748 0.648669762318418 0.706695052611424 0.631093194288272
0.684364252704469 0.767219615885497 0.298767508619514 0.464646464646465 0.178087734783251 0.520809939342096 0.558069838270429
0 0.738885783097605 0.679363255225196 0.616161616161616 0.220188608780942 0.520809939342096 0.520762010014647
0 0.668857845270967 0.647114731337652 0.515151515151515 0.178087734783251 0.706695052611424 0.464933902287993
0.779483762953957 0.81434887593674 0.843434255707951 0.353535353535354 0.580571933104292 0.706695052611424 0.722673355682198
0.79555728417573 0.633198533361192 0.810105599189272 0.404040404040404 0.665330417680936 0.706695052611424 0.713799382218827
0.503154605426628 0.665130289924475 0.318993627879382 0.343434343434344 0.178087734783251 0.520809939342096 0.48877729436996
0.420969345526985 0.712602034807392 0.722390365774633 0.484848484848485 0.436829205373675 0.520809939342096 0.598973241687324
0.337526370277807 0.917043168263528 0.283873084486783 0.777777777777778 0.854925108088018 0.520809939342096 0.690477574820284
0.405656211619293 0.71685276701052 0.779084042081697 0.454545454545455 0.178087734783251 0.706695052611424 0.593959304411471
0.194870940738489 0.752776650730317 0.740599424456121 0.494949494949495 0.341316838923196 0.520809939342096 0.571497187241359
0.373149442354017 0.772164365091982 0.655015524850102 0.484848484848485 0.199251348355557 0.520809939342096 0.581134083042194
0.646313792973152 0.797950600011803 0.26920267494633 0.414141414141414 0.824573877032569 0.706695052611424 0.649368846788162
0.55117825460955 0.361457094584687 0.879677014649635 0.464646464646465 0.135061493153595 0.706695052611424 0.612491757718197
0.737769474475838 0.803334897903573 0.566123375817332 0.525252525252525 0.681850475119814 0.706695052611424 0.69987173168184
0.477334370505438 0.743457333441603 0.512718180032647 0.484848484848485 0.220188608780942 0.520809939342096 0.58450308161575
0.980828892547368 0 0.601700075244073 0.202020202020202 0.220188608780942 0.520809939342096 0.589708392525561
0.803473472028271 0.782260388201481 0.339664436663384 0.474747474747475 0.665330417680936 0.863858676508167 0.661882461883396
0.636445827340584 0.803334897903573 0.769179566375217 0.383838383838384 0.418095902714342 0.520809939342096 0.647080568039416
0.318222913670292 0.849547343327241 0.71351356259191 0.646464646464646 0.380082762899733 0.706695052611424 0.649122156906088
0.900070320740819 0.849547343327241 0.879677014649635 0.353535353535354 0.380082762899733 0.706695052611424 0.708175134723315
0.834387518869721 0.777177319883787 0.779084042081697 0.232323232323232 0.510019606035228 0.706695052611424 0.685755083918783
0.539573202175876 0.752776650730317 0.601700075244073 0.434343434343434 0.199251348355557 0.520809939342096 0.588189165102302
0.754731908139941 0.762341241158298 0.810105599189272 0.555555555555556 0.681850475119814 0.863858676508167 0.744800405888262
0.616236022513321 0.556887287370919 0.49995345375539 0.131313131313132 0.380082762899733 0.520809939342096 0.495833466939492
0.675052740555614 0.819983616098888 0.399066196062592 0.616161616161616 0.527897494571721 0.863858676508167 0.675390576040177
0 0.808800165709972 0.879677014649635 0.666666666666667 0.839808313364644 0.520809939342096 0.736255290556467
0.779483762953957 0.808800165709972 0.949357586376027 0.474747474747475 0.510019606035228 0.706695052611424 0.76436097656572
0 0.704246874647996 0.655015524850102 0.494949494949495 0.199251348355557 0.520809939342096 0.486254210211141
0.539573202175876 0.650591012734727 0.318993627879382 0.444444444444444 0.360795757736647 0.520809939342096 0.517236701370839
0.297670278893794 0.712602034807392 0.58013041968963 0.262626262626263 0.341316838923196 0.520809939342096 0.519618853159529
0.675052740555614 0.734371023668687 0.601700075244073 0.626262626262626 0.178087734783251 0.520809939342096 0.635784116246885
0.297670278893794 0.855760032395149 0.587243392199803 0.656565656565656 0.473766436840801 0.706695052611424 0.664976644340429
0.754731908139941 0.738885783097605 0.905897178570416 0.363636363636364 0.59781975559448 0.706695052611424 0.749008032588146
0.79555728417573 0.729911661459648 0.704778815762641 0.262626262626263 0.473766436840801 0.706695052611424 0.649901346929412
0.636445827340584 0.738885783097605 0.176466970648331 0.363636363636364 0.281689431707105 0.520809939342096 0.527102325765982
0.527713002169008 0.752776650730317 0.468942949634123 0.434343434343434 0.178087734783251 0.520809939342096 0.573775246525152
0.763071740410204 0.772164365091982 0.749947958653192 0.191919191919192 0.240904306737755 0.520809939342096 0.577741027053104
0.595340557787587 0.808800165709972 0.722390365774633 0.373737373737374 0.281689431707105 0.863858676508167 0.621303152141431
0.754731908139941 0.738885783097605 0.905897178570416 0.363636363636364 0.59781975559448 0.706695052611424 0.749008032588146
0.636445827340584 0.738885783097605 0.512718180032647 0.454545454545455 0.39918159915904 0.520809939342096 0.605290405006179
0.754731908139941 0.762341241158298 0.810105599189272 0.555555555555556 0.681850475119814 0.863858676508167 0.744800405888262
0.389741881476979 0.808800165709972 0.740599424456121 0.696969696969697 0.510019606035228 0.706695052611424 0.677226721214069
0.79555728417573 0.808800165709972 0.810105599189272 0.262626262626263 0.178087734783251 0.706695052611424 0.608171697205078
0.737769474475838 0.729911661459648 0.371572567378153 0.474747474747475 0.281689431707105 0.706695052611424 0.577367892735776
0.275589127304775 0.743457333441603 0.631611370442549 0.535353535353535 0.360795757736647 0.706695052611424 0.573281779624805
0 0.792644907821717 0.98208969565326 0.474747474747475 0.418095902714342 0.293304947388576 0.686110036650955
0 0.743457333441603 0.532285314236051 0.535353535353535 0.59781975559448 0.706695052611424 0.591455222053004
0.515580046947248 0.712602034807392 0.444984268971041 0.545454545454545 0.360795757736647 0.706695052611424 0.579211233492522
0.573684516132894 0.668857845270967 0.71351356259191 0.414141414141414 0.199251348355557 0.706695052611424 0.573053919270935
0.225017580185205 0.75752748256787 0.339664436663384 0.676767676767677 0.240904306737755 0.520809939342096 0.530878715166825
0.405656211619293 0.748087121660947 0.493650879947444 0.575757575757576 0.491976942010319 0.706695052611424 0.613176087321204
0.490414446273684 0.680275542178024 0.444984268971041 0.363636363636364 0.341316838923196 0.706695052611424 0.529759888545433
0.435744670330595 0.75752748256787 0.545628012187509 0.464646464646465 0.199251348355557 0.520809939342096 0.579458446155869
0.251577302713314 0.837431772754848 0.573091162707752 0.454545454545455 0.281689431707105 0 0.582672002167854
0.779483762953957 0.772164365091982 0.360810622834665 0.464646464646465 0.261403082406245 0.293304947388576 0.595322846866471
0.539573202175876 0.729911661459648 0.843434255707951 0.363636363636364 0.199251348355557 0.706695052611424 0.623639373270559
0.225017580185205 0.947992365221557 0.355477697957986 0.898989898989899 0.436829205373675 0.293304947388576 0.679239722142056
0.584612822215468 0.803334897903573 0.609048914839148 0.353535353535354 0.698232287779921 0.706695052611424 0.679925221981351
0.737769474475838 0.75752748256787 0.339664436663384 0.222222222222222 0.360795757736647 0.706695052611424 0.563931946857935
0.787561530648217 0.787415559179925 0.587243392199803 0.444444444444444 0.261403082406245 0.293304947388576 0.633167649236248
0.754731908139941 0.777177319883787 0.506308771525534 0.474747474747475 0.698232287779921 0.706695052611424 0.670094045092329
0.405656211619293 0.75752748256787 0.671135364541484 0.757575757575757 0.30176771222008 0.520809939342096 0.616849070403473
0.787561530648217 0.762341241158298 0.740599424456121 0.282828282828283 0.418095902714342 0.520809939342096 0.639075127736925
0.477334370505438 0.743457333441603 0.350176052042464 0.737373737373737 0.199251348355557 0.706695052611424 0.568015873784476
