"citric acid" "chlorides" "total sulfur dioxide" "alcohol" "quality"
"1" 0.626422431982715 0.748087121660947 0.512718180032647 0.30176771222008 0.4
"2" 0.318222913670292 0.721153804904132 0.58013041968963 0.341316838923197 0.4
"3" 0.225017580185205 0.75752748256787 0.339664436663384 0.240904306737755 0.4
"4" 0 0.862080773629847 0.759471277199048 0.240904306737755 0.4
"5" 0.787561530648217 0.825707095966108 0.639314597208176 0.30176771222008 0.6
"6" 0.225017580185205 0.59456749775507 0.525704951500799 0.510019606035228 0.6
"7" 0.71156806696482 0.85576003239515 0.949357586376027 0.563170794626325 0.8
"8" 0.675052740555614 0.767219615885497 0.344905141083111 0.436829205373675 0.4
"9" 0.893010836681381 0.721153804904132 0.799532506103631 0.563170794626325 0.8
"10" 0.763071740410204 0.762341241158298 0.810105599189272 0.49197694201032 0.8
"11" 0 0.782260388201482 0.587243392199803 0.220188608780942 0.4
"12" 0.665610978487843 0.881730610945764 0.879677014649635 0.681850475119814 0.8
"13" 0.55117825460955 0.743457333441603 0.512718180032647 0.360795757736647 0.6
"14" 0.684364252704469 0.862080773629847 0.671135364541484 0.199251348355558 0.2
"15" 0.779483762953957 0.657787950096322 0.298767508619514 0.240904306737755 0.4
"16" 0.787561530648217 0.71685276701052 0.587243392199803 0.809219953705069 0.6
"17" 0.811312423238586 0.729911661459648 0.759471277199048 0.240904306737755 0.4
"18" 0 0.708400445118073 0.934224745191514 0.82457387703257 0.8
"19" 0.79555728417573 0.633198533361192 0.905897178570416 0.614916940156927 0.4
"20" 0.646313792973152 0.767219615885497 0.355477697957986 0.135061493153596 0.4
"21" 0.595340557787587 0.924536907160864 0.573091162707752 0.82457387703257 0.4
"22" 0.463885625362245 0.721153804904132 0.141524680501064 0.261403082406245 0.4
"23" 0.573684516132894 0.61986002860842 0.49995345375539 0.380082762899733 0.4
"24" 0.646313792973152 0.704246874647997 0.663020978316655 0.4737664368408 0.6
"25" 0.595340557787587 0.808800165709973 0.212574960407166 0.220188608780942 0.6
"26" 0.71156806696482 0.725506353457643 0.450907375264168 0.220188608780942 0.4
"27" 0.389741881476979 0.777177319883788 0.59443244577537 0.665330417680936 0.6
"28" 0.435744670330595 0.777177319883788 0.832035807750534 0.220188608780942 0.4
"29" 0.194870940738489 0.762341241158298 0.71351356259191 0.418095902714343 0.6
"30" 0.562543950463012 0.64353383059897 0.334453425336898 0.360795757736647 0.4
"31" 0.87148934066119 0.767219615885497 0.769179566375217 0.45538493851146 0.6
"32" 0.787561530648217 0.688091616759741 0.49995345375539 0.360795757736647 0.6
"33" 0.373149442354017 0.762341241158298 0.573091162707752 0.240904306737755 0.4
"34" 0.79555728417573 0.743457333441603 0.433265446501317 0.281689431707104 0.4
"35" 0.934568200571252 0.748087121660947 0.779084042081697 0.82457387703257 0.6
"36" 0.503154605426628 0.917043168263529 0.47504696087402 0.648669762318418 0.6
"37" 0.646313792973152 0.734371023668687 0.671135364541484 0.545613590043203 0.6
"38" 0.225017580185205 0.729911661459648 0.799532506103631 0.261403082406245 0.4
"39" 0.746298884708034 0.738885783097605 0.59443244577537 0.281689431707104 0.6
"40" 0 0.473593475118589 0.919765497616754 0.49197694201032 0.4
"41" 0.927771250724491 0.610167895290793 0.779084042081697 0.914251320567156 0.6
"42" 0.562543950463012 0.752776650730317 0.601700075244073 0.714478150220245 0.6
"43" 0.477334370505438 0.70014023818203 0.415992460822536 0.220188608780942 0.4
"44" 0.159111456835146 0.831522155387879 0.545628012187509 0.631866095289914 0.8
"45" 0.159111456835146 0.734371023668687 0.344905141083111 0.281689431707104 0.6
"46" 0.646313792973152 0.661440578432896 0.655015524850102 0.49197694201032 0.4
"47" 0.420969345526985 0.75752748256787 0.663020978316655 0.4737664368408 0.4
"48" 0.646313792973152 0.347264830837688 0.207993644798428 0.240904306737755 0.4
"49" 0.737769474475838 0.75752748256787 0.538925775350605 0.45538493851146 0.6
"50" 0.595340557787587 0.729911661459648 0.450907375264168 0.220188608780942 0.4
"51" 0.665610978487843 0.837431772754848 0.879677014649635 0.665330417680936 0.8
"52" 0.616236022513321 0.71685276701052 0.647114731337652 0.681850475119814 0.6
"53" 0.914025731571428 0.165969981914185 0.663020978316655 0.261403082406245 0.4
"54" 0.159111456835146 0.825707095966108 0.481198848912242 0.32164214880212 0.4
"55" 0.656033342777212 0.772164365091982 0.769179566375217 0.762422142981882 0.6
"56" 0 0.75752748256787 0.687709551082882 0.220188608780942 0.4
"57" 0.787561530648217 0.748087121660947 0.180914355372822 0.178087734783251 0.4
"58" 0.856841417760529 0.672624028821811 0.274068541742796 0.341316838923197 0.4
"59" 0 0.721153804904132 0.696179515980184 0.220188608780942 0.4
"60" 0.490414446273684 0.734371023668687 0.722390365774633 0.436829205373675 0.6
"61" 0.515580046947248 0.792644907821717 0.965267970042682 0.30176771222008 0.6
"62" 0.463885625362245 0.729911661459648 0.559224925314669 0.418095902714343 0.4
"63" 0.420969345526985 0.868513392181208 0.687709551082882 0.614916940156927 0.6
"64" 0.826767381914326 0.647045292314886 0.631611370442549 0.580571933104292 0.6
"65" 0 0.672624028821811 0.905897178570416 0.614916940156927 0.2
"66" 0.35578403348241 0.762341241158298 0.769179566375217 0.281689431707104 0.6
"67" 0.45003516037041 0.591526195820528 1 0.563170794626325 0.6
"68" 0.693550761103935 0.797950600011804 0.624001526477095 0.839808313364644 0.8
"69" 0.636445827340584 0.708400445118073 0.587243392199803 0.436829205373675 0.8
"70" 0.720407760766187 0.797950600011804 0.779084042081697 0.648669762318418 0.8
"71" 0.914025731571428 0.582552074182571 0.98208969565326 0.681850475119814 0.6
"72" 0.803473472028271 0.738885783097605 0.779084042081697 0.220188608780942 0.6
"73" 0.834387518869721 0.75752748256787 0.538925775350605 0.32164214880212 0.6
"74" 0.729140294881755 0.782260388201482 0.150157055981403 0.436829205373675 0.4
"75" 0.656033342777212 0.729911661459648 0.679363255225196 0.778146044296872 0.8
"76" 0.159111456835146 0.752776650730317 0.679363255225196 0.49197694201032 0.6
"77" 0.194870940738489 0.738885783097605 0.905897178570416 0.360795757736647 0.2
"78" 0.626422431982715 0.743457333441603 0.468942949634123 0.240904306737755 0.6
"79" 0.389741881476979 0.803334897903573 0.545628012187509 0.156692820308098 0.4
"80" 0.463885625362245 0.752776650730317 0.905897178570416 0.418095902714343 0.4
"81" 0.787561530648217 0.597634464988188 0.855153975404023 0.648669762318418 0.6
"82" 0.646313792973152 0.75752748256787 0.587243392199803 0.527897494571721 0.6
"83" 0.515580046947248 0.738885783097605 0.0951901833195501 0.32164214880212 0.4
"84" 0.819076355384141 0.654171666923067 0.949357586376027 0.714478150220245 0.8
"85" 0.819076355384141 0.142338484392401 0.759471277199048 0.156692820308098 0.6
"86" 0.503154605426628 0.221680596779536 0.892552763522339 0.436829205373675 0.6
"87" 0.225017580185205 0.881730610945764 0.249973735995491 0.730590300342702 0.8
"88" 0.373149442354017 0.752776650730317 0.71351356259191 0.360795757736647 0.6
"89" 0.573684516132894 0.725506353457643 0.324118499535554 0.30176771222008 0.6
"90" 0.626422431982715 0.684162568110802 0.288812495926713 0.240904306737755 0.6
"91" 0.665610978487843 0.712602034807392 0.552393781596954 0.49197694201032 0.4
"92" 0.636445827340584 0.743457333441603 0.415992460822536 0.30176771222008 0.6
"93" 0.720407760766187 0.712602034807392 0.235789056978223 0.199251348355558 0.4
"94" 0 0.752776650730317 0.731416390285271 0.341316838923197 0.6
"95" 0.435744670330595 0.668857845270967 0.506308771525534 0.261403082406245 0.4
"96" 0.636445827340584 0.803334897903573 0.98208969565326 0.82457387703257 0.8
"97" 0.337526370277807 0.582552074182571 0.71351356259191 0.527897494571721 0.2
"98" 0 0.95615975298705 0.350176052042464 0.839808313364644 0.8
"99" 0.779483762953957 0.209834309328689 0.843434255707951 0.436829205373675 0.4
"100" 0.967837207777989 0.676429649566587 0.740599424456121 0.49197694201032 0.8
"101" 0.373149442354017 0.721153804904132 0.456874196298115 0.220188608780942 0.4
"102" 0.275589127304775 0.743457333441603 0.679363255225196 0.510019606035228 0.4
"103" 0.159111456835146 0.672624028821811 0.71351356259191 0.665330417680936 0.6
"104" 0.389741881476979 0.61986002860842 0.231104311593892 0.220188608780942 0.4
"105" 0.562543950463012 0.772164365091982 0.481198848912242 0.436829205373675 0.6
"106" 0.112508790092602 0.767219615885497 0.329271608040324 0.49197694201032 0.4
"107" 0.79555728417573 0.396900950119312 0.371572567378153 0.0910682891980452 0.4
"108" 0.112508790092602 0.738885783097605 0.616481749354921 0.4737664368408 0.6
"109" 0.515580046947248 0.782260388201482 0.740599424456121 0.281689431707104 0.4
"110" 0.665610978487843 0.762341241158298 0.740599424456121 0.563170794626325 0.8
"111" 0.405656211619293 0.75752748256787 0.671135364541484 0.30176771222008 0.4
"112" 0.71156806696482 0.688091616759741 0.552393781596954 0.341316838923197 0.8
"113" 0.515580046947248 0.734371023668687 0.71351356259191 0.30176771222008 0.4
"114" 0.275589127304775 0.708400445118073 0.493650879947444 0.4737664368408 0.6
"115" 0.684364252704469 0.712602034807392 0.439103930466651 0.32164214880212 0.4
"116" 0.318222913670292 0.808800165709973 0.820933575344008 0.220188608780942 0.4
"117" 0.389741881476979 0.688091616759741 0.545628012187509 0.39918159915904 0.6
"118" 0.787561530648217 0.680275542178024 0.587243392199803 0.45538493851146 0.8
"119" 0.275589127304775 0.825707095966108 0.609048914839148 0.39918159915904 0.6
"120" 0.656033342777212 0.71685276701052 0.855153975404023 0.45538493851146 0.8
"121" 0.787561530648217 0.819983616098888 0.749947958653192 0.510019606035228 0.4
"122" 0.194870940738489 0.738885783097605 0.59443244577537 0.178087734783251 0.4
"123" 0.527713002169008 0.782260388201482 0.779084042081697 0.580571933104292 0.6
"124" 0.251577302713314 0.712602034807392 0.934224745191514 0.510019606035228 0.4
"125" 0.626422431982715 0.787415559179925 0.879677014649635 0.39918159915904 0.6
"126" 0.562543950463012 0.762341241158298 0.259541978854217 0.281689431707104 0.4
"127" 0.71156806696482 0.81434887593674 0.58013041968963 0.527897494571721 0.6
"128" 0.967837207777989 0.762341241158298 0.879677014649635 0 0.6
"129" 0.779483762953957 0.777177319883788 0.820933575344008 0.730590300342702 0.8
"130" 0.605878376899965 0.725506353457643 0.47504696087402 0.220188608780942 0.4
"131" 0.616236022513321 0.738885783097605 0.387964648155136 0.240904306737755 0.6
"132" 0.225017580185205 0.862080773629847 0.949357586376027 0.240904306737755 0.4
"133" 0.35578403348241 0.650591012734727 0.235789056978223 0.30176771222008 0.6
"134" 0.636445827340584 0.803334897903573 0.919765497616754 0.82457387703257 0.8
"135" 0.71156806696482 0.917043168263529 0.456874196298115 0.580571933104292 0.4
"136" 0.539573202175876 0.808800165709973 0.439103930466651 0.360795757736647 0.4
"137" 0.389741881476979 0.81434887593674 0.779084042081697 0.89958746781456 0.6
"138" 0.584612822215468 0.721153804904132 0.0787920462607891 0.220188608780942 0.4
"139" 0.771321404383905 0.831522155387879 0.696179515980184 0.341316838923197 0.6
"140" 0.626422431982715 0.743457333441603 0.387964648155136 0.240904306737755 0.6
"141" 0.112508790092602 0.738885783097605 0.769179566375217 0.436829205373675 0.4
"142" 0.55117825460955 0.752776650730317 0.696179515980184 0.220188608780942 0.4
"143" 0.787561530648217 0.696079486882504 0.779084042081697 0.714478150220245 0.8
"144" 0.503154605426628 0.752776650730317 0.538925775350605 0.418095902714343 0.6
"145" 0 0.606993783758458 0.71351356259191 0.39918159915904 0.4
"146" 0.746298884708034 0.734371023668687 0.450907375264168 0.563170794626325 0.4
"147" 0.900070320740819 0.633198533361192 0.879677014649635 0.665330417680936 0.8
"148" 0.55117825460955 0.752776650730317 0.687709551082882 0.45538493851146 0.6
"149" 0.527713002169008 0.767219615885497 0.779084042081697 0.563170794626325 0.6
"150" 0.194870940738489 0.676429649566587 0.283873084486783 0.360795757736647 0.4
"151" 0.636445827340584 0.729911661459648 0.08287015353909 0.240904306737755 0.4
"152" 0.787561530648217 0.657787950096322 0.892552763522339 0.681850475119814 0.6
"153" 0 0.582552074182571 0.696179515980184 0.580571933104292 0.6
"154" 0.55117825460955 0.738885783097605 0.934224745191514 0.240904306737755 0.4
"155" 0.35578403348241 0.606993783758458 0.934224745191514 0.360795757736647 0.8
"156" 0.55117825460955 0.748087121660947 0.810105599189272 0.341316838923197 0.4
"157" 0.45003516037041 0.767219615885497 0.769179566375217 0.281689431707104 0.4
"158" 0 0.734371023668687 0.631611370442549 0.49197694201032 0.4
"159" 0 0.692063606681291 0.892552763522339 0.614916940156927 0.8
"160" 0 0.808800165709973 0.552393781596954 0.32164214880212 0.4
"161" 0.746298884708034 0.70014023818203 0.616481749354921 0.436829205373675 0.6
"162" 0.636445827340584 0.831522155387879 0.740599424456121 0.580571933104292 0.8
"163" 0.907074864675779 0.762341241158298 0.855153975404023 0.665330417680936 0.6
"164" 0.737769474475838 0.623149041646713 0.663020978316655 0.49197694201032 0.4
"165" 0.420969345526985 0.803334897903573 0.624001526477095 0.240904306737755 0.4
"166" 0.490414446273684 0.64353383059897 0.587243392199803 0.240904306737755 0.4
"167" 0.746298884708034 0.517770702647398 0.559224925314669 0.32164214880212 0.2
"168" 0.527713002169008 0.752776650730317 0.704778815762641 0.45538493851146 0.6
"169" 0.934568200571252 0.676429649566587 0.679363255225196 0.49197694201032 0.6
"170" 0.834387518869721 0.75752748256787 0.538925775350605 0.32164214880212 0.6
"171" 0.779483762953957 0.895446708938024 0.965267970042682 0.714478150220245 0.8
"172" 0.318222913670292 0.640055971902848 0.609048914839148 0.527897494571721 0.4
"173" 0.616236022513321 0.81434887593674 0.855153975404023 0.436829205373675 0.6
"174" 0.605878376899965 0.626468091749391 0.189864603230453 0.156692820308098 0.4
"175" 0.527713002169008 0.721153804904132 0.843434255707951 0.32164214880212 0.6
"176" 0.834387518869721 0.734371023668687 0.867223768208949 0.220188608780942 0.4
"177" 0.665610978487843 0.725506353457643 0.655015524850102 0.545613590043203 0.6
"178" 0.159111456835146 0.738885783097605 0.226440812548865 0.281689431707104 0.4
"179" 0.251577302713314 0.734371023668687 0.298767508619514 0.341316838923197 0.4
"180" 0.71156806696482 0.692063606681291 0.740599424456121 0.347831370703954 0.6
"181" 0.787561530648217 0.324777238755985 0.820933575344008 0.4737664368408 0.6
"182" 0 0.797950600011804 0.779084042081697 0.545613590043203 0.6
"183" 0.779483762953957 0.752776650730317 0.820933575344008 0.527897494571721 0.4
"184" 0.463885625362245 0.708400445118073 0.545628012187509 0.220188608780942 0.4
"185" 0 0.473593475118589 0.919765497616754 0.49197694201032 0.4
"186" 0.194870940738489 0.738885783097605 0.339664436663384 0.30176771222008 0.6
"187" 0.914025731571428 0.582552074182571 0.98208969565326 0.681850475119814 0.6
"188" 0.420969345526985 0.71685276701052 0.639314597208176 0.281689431707104 0.6
"189" 0.787561530648217 1 0.843434255707951 0.762422142981882 0.6
"190" 0.389741881476979 0.591526195820528 0.671135364541484 0.580571933104292 0.8
"191" 0.515580046947248 0.734371023668687 0.71351356259191 0.30176771222008 0.4
"192" 0.490414446273684 0.729911661459648 0.687709551082882 0.436829205373675 0.4
"193" 0.746298884708034 0.808800165709973 0.58013041968963 0.614916940156927 0.6
"194" 0 0.895446708938024 0.934224745191514 0.809219953705069 0.8
"195" 0.515580046947248 0.708400445118073 0.450907375264168 0.178087734783251 0.4
"196" 0.811312423238586 0.782260388201482 0.679363255225196 0.135061493153596 0.6
"197" 0.771321404383905 0.597634464988188 0.892552763522339 0.30176771222008 0.6
"198" 0.337526370277807 0.825707095966108 0.843434255707951 0.580571933104292 0.6
"199" 0.503154605426628 0.668857845270967 0.217176413958118 0.178087734783251 0.4
"200" 0 0.725506353457643 0.749947958653192 0.220188608780942 0.4
"201" 0.834387518869721 0.782260388201482 0.832035807750534 0.49197694201032 0.6
"202" 0.515580046947248 0.636611079188001 0.663020978316655 0.240904306737755 0.4
"203" 0.746298884708034 0.762341241158298 0.779084042081697 0.178087734783251 0.8
"204" 0.616236022513321 0.843439074159581 0.487399758303867 0.380082762899733 0.6
"205" 0.573684516132894 0.743457333441603 0.0993259349065139 0.240904306737755 0.4
"206" 0.616236022513321 0.767219615885497 0.360810622834665 0.135061493153596 0.4
"207" 0 0.862080773629847 0.759471277199048 0.240904306737755 0.4
"208" 0.914025731571428 1 0.339664436663384 0.614916940156927 0.6
"209" 0.927771250724491 0.71685276701052 0.769179566375217 0.665330417680936 0.4
"210" 0.55117825460955 0.752776650730317 0.696179515980184 0.220188608780942 0.4
"211" 0.573684516132894 0.787415559179925 0.180914355372822 0.220188608780942 0.4
"212" 0.527713002169008 0.772164365091982 0.387964648155136 0.178087734783251 0.4
"213" 0.907074864675779 0.738885783097605 0.98208969565326 0.527897494571721 0.4
"214" 0.826767381914326 0.71685276701052 0.47504696087402 0.436829205373675 0.6
"215" 0 0.787415559179925 0.892552763522339 0.341316838923197 0.6
"216" 0.112508790092602 0.738885783097605 0.769179566375217 0.436829205373675 0.4
"217" 0 0.81434887593674 0.810105599189272 0.341316838923197 0.8
"218" 0.503154605426628 0.696079486882504 0.512718180032647 0.261403082406245 0.6
"219" 0.616236022513321 0.762341241158298 0.799532506103631 0.418095902714343 0.6
"220" 0.251577302713314 0.743457333441603 0.843434255707951 0.199251348355558 0.4
"221" 0.503154605426628 0.85576003239515 0.799532506103631 0.648669762318418 0.4
"222" 0.702617168930528 0.748087121660947 0.616481749354921 0.778146044296872 0.8
"223" 0.503154605426628 0.772164365091982 0.609048914839148 0.199251348355558 0.4
"224" 0 0.688091616759741 0.71351356259191 0.341316838923197 0.6
"225" 0.373149442354017 0.696079486882504 0.481198848912242 0.261403082406245 0.4
"226" 0.702617168930528 0.738885783097605 0.532285314236051 0.510019606035228 0.6
"227" 0.787561530648217 0.748087121660947 0.393497630618372 0.341316838923197 0.6
"228" 0.194870940738489 0.712602034807392 0.51918308436093 0.39918159915904 0.4
"229" 0.656033342777212 0.782260388201482 0.456874196298115 0.380082762899733 0.8
"230" 0.337526370277807 0.748087121660947 0.722390365774633 0.563170794626325 0.6
"231" 0.720407760766187 0.792644907821717 0.647114731337652 0.510019606035228 0.8
"232" 0.626422431982715 0.70014023818203 0.59443244577537 0.341316838923197 0.6
"233" 0.787561530648217 0.71685276701052 0.631611370442549 0.436829205373675 0.6
"234" 0.573684516132894 0.772164365091982 0.339664436663384 0.30176771222008 0.4
"235" 0.763071740410204 0.734371023668687 0.965267970042682 0.418095902714343 0.6
"236" 0.914025731571428 0.588510133197105 0.892552763522339 0.614916940156927 0.8
"237" 0.79555728417573 0.216248007430229 0.377002759040287 0.240904306737755 0.6
"238" 0.194870940738489 0.743457333441603 0.919765497616754 0.730590300342702 0.4
"239" 0.573684516132894 0.895446708938024 0.399066196062592 0.510019606035228 0.6
"240" 0.420969345526985 0.708400445118073 0.616481749354921 0.436829205373675 0.6
"241" 0.275589127304775 0.843439074159581 0.843434255707951 0.49197694201032 0.8
"242" 0.787561530648217 0.676429649566587 0.78919710171163 0.545613590043203 0.4
"243" 0.907074864675779 0.825707095966108 0.769179566375217 0.32164214880212 0.4
"244" 0.55117825460955 0.650591012734727 0.704778815762641 0.341316838923197 0.6
"245" 0.159111456835146 0.777177319883788 0.687709551082882 0.746570921242214 0.8
"246" 0.159111456835146 0.748087121660947 0.722390365774633 0.30176771222008 0.4
"247" 0.900070320740819 0.849547343327241 0.552393781596954 0.563170794626325 0.6
"248" 0.159111456835146 0.708400445118073 0.308826770812187 0.341316838923197 0.4
"249" 0.477334370505438 0.748087121660947 0.49995345375539 0.30176771222008 0.4
"250" 0.55117825460955 0.748087121660947 0.810105599189272 0.341316838923197 0.4
"251" 0.71156806696482 0.808800165709973 0 0.681850475119814 0.6
"252" 0.779483762953957 0.729911661459648 0.456874196298115 0.178087734783251 0.4
"253" 0.35578403348241 0.70014023818203 0.639314597208176 0.240904306737755 0.4
"254" 0.626422431982715 0.767219615885497 0.59443244577537 0.220188608780942 0.6
"255" 0 0.909700828435375 0.481198848912242 1 0.6
"256" 0.779483762953957 0.825707095966108 0.769179566375217 0.199251348355558 0.6
"257" 0.763071740410204 0.64353383059897 0.949357586376027 0.665330417680936 0.8
"258" 0.702617168930528 0.636611079188001 0.704778815762641 0.261403082406245 0.4
"259" 0.477334370505438 0.335098558052557 0.58013041968963 0.39918159915904 0.6
"260" 0.927771250724491 0.151246613209855 0.525704951500799 0.199251348355558 0.4
"261" 0.584612822215468 0.676429649566587 0.399066196062592 0.156692820308098 0.6
"262" 0.616236022513321 0.81434887593674 0.820933575344008 0.341316838923197 0.6
"263" 0.71156806696482 0.772164365091982 0.759471277199048 0.380082762899733 0.6
"264" 0.720407760766187 0.688091616759741 0.552393781596954 0.436829205373675 0.6
"265" 0.463885625362245 0.338102157465118 0.843434255707951 0.39918159915904 0.6
"266" 0.515580046947248 0.738885783097605 0.704778815762641 0.30176771222008 0.4
"267" 0.55117825460955 0.743457333441603 0.512718180032647 0.360795757736647 0.6
"268" 0.35578403348241 0.782260388201482 0.481198848912242 0.178087734783251 0.4
"269" 0.974354703692446 0.721153804904132 0.616481749354921 0.597819755594479 0.8
"270" 0.463885625362245 0.85576003239515 0.249973735995491 0.839808313364644 0.6
"271" 0.675052740555614 0.734371023668687 0.892552763522339 0.510019606035228 0.6
"272" 0.527713002169008 0.777177319883788 0.631611370442549 0.156692820308098 0.4
"273" 0.684364252704469 0.762341241158298 0.905897178570416 0.178087734783251 0.4
"274" 0.159111456835146 0.777177319883788 0.820933575344008 0.178087734783251 0.2
"275" 0.373149442354017 0.721153804904132 0.71351356259191 0.32164214880212 0.4
"276" 0.573684516132894 0.767219615885497 0.78919710171163 0.178087734783251 0.4
"277" 0.337526370277807 0.888523957527054 0.704778815762641 0.580571933104292 0.4
"278" 0.636445827340584 0.696079486882504 0.217176413958118 0.545613590043203 0.4
"279" 0.159111456835146 0.729911661459648 0.308826770812187 0.281689431707104 0.6
"280" 0.337526370277807 0.692063606681291 0.573091162707752 0.45538493851146 0.8
"281" 0.763071740410204 0.610167895290793 0.965267970042682 0.510019606035228 0.6
"282" 0.907074864675779 0.797950600011804 0.749947958653192 0.580571933104292 0.6
"283" 0.693550761103935 0.734371023668687 0.462885714494757 0.30176771222008 0.4
"284" 0.71156806696482 0.895446708938024 0.949357586376027 0.82457387703257 0.8
"285" 0.297670278893794 0.762341241158298 0.559224925314669 0.240904306737755 0.4
"286" 0.900070320740819 0.684162568110802 0.624001526477095 0.436829205373675 0.4
"287" 0.787561530648217 0.71685276701052 0.0910690716990418 0.220188608780942 0.4
"288" 0.675052740555614 0.721153804904132 0.855153975404023 0.49197694201032 0.6
"289" 0.737769474475838 0.782260388201482 0.779084042081697 0.563170794626325 0.8
"290" 0.616236022513321 0.831522155387879 0.919765497616754 0.614916940156927 0.8
"291" 0.656033342777212 0.909700828435375 0.98208969565326 0.527897494571721 0.8
"292" 0.71156806696482 0.782260388201482 0.832035807750534 0.45538493851146 0.6
"293" 0.684364252704469 0.940004495098794 0.49995345375539 0.714478150220245 0.6
"294" 0.787561530648217 0.684162568110802 0.382466575144138 0.4737664368408 0.8
"295" 0.702617168930528 0.843439074159581 0.532285314236051 0.527897494571721 0.8
"296" 0.159111456835146 0.721153804904132 0.71351356259191 0.436829205373675 0.6
"297" 0.45003516037041 0.81434887593674 0.867223768208949 0.436829205373675 0.8
"298" 0 0.81434887593674 0.696179515980184 0.281689431707104 0.4
"299" 0.864196414617635 0.708400445118073 0.573091162707752 0.527897494571721 0.6
"300" 0 0.895446708938024 0.98208969565326 0.39918159915904 0.4
"301" 0.159111456835146 0.777177319883788 0.318993627879382 0.545613590043203 0.6
"302" 0.693550761103935 0.672624028821811 0.843434255707951 0.220188608780942 0.4
"303" 0 0.797950600011804 0.679363255225196 0.597819755594479 0.6
"304" 0.803473472028271 0.140582763778253 0.462885714494757 0.178087734783251 0.4
"305" 0.616236022513321 0.721153804904132 0.566123375817332 0.380082762899733 0.6
"306" 0 0.684162568110802 0.740599424456121 0.220188608780942 0.6
"307" 0.35578403348241 0.808800165709973 0.532285314236051 0.199251348355558 0.4
"308" 0.35578403348241 0.71685276701052 0.226440812548865 0.30176771222008 0.4
"309" 0.675052740555614 0.767219615885497 0.344905141083111 0.436829205373675 0.4
"310" 0 0.721153804904132 0.919765497616754 0.281689431707104 0.2
"311" 0.87148934066119 0.505614604228817 0.843434255707951 0.220188608780942 0.4
"312" 0.275589127304775 0.752776650730317 0.355477697957986 0.240904306737755 0.4
"313" 0.55117825460955 0.62981773260671 0.26920267494633 0.199251348355558 0.4
"314" 0.194870940738489 0.782260388201482 0.512718180032647 0.809219953705069 0.6
"315" 0.225017580185205 0.797950600011804 0.905897178570416 0.49197694201032 0.6
"316" 0.967837207777989 0.676429649566587 0.740599424456121 0.49197694201032 0.8
"317" 0.636445827340584 0.81434887593674 0.49995345375539 0.32164214880212 0.4
"318" 0.878721741357398 0.616600513842155 0.303783903569547 0.156692820308098 0.4
"319" 0.79555728417573 0.696079486882504 0.587243392199803 0.436829205373675 0.4
"320" 0.503154605426628 0.932188420517078 0.49995345375539 0.510019606035228 0.4
"321" 0.665610978487843 0.688091616759741 0.439103930466651 0.436829205373675 0.6
"322" 0.562543950463012 0.734371023668687 0.663020978316655 0.527897494571721 0.4
"323" 0.405656211619293 0.704246874647997 0.892552763522339 0.614916940156927 0.4
"324" 0.275589127304775 0.837431772754848 0.71351356259191 0.597819755594479 0.2
"325" 0.225017580185205 0.808800165709973 0.820933575344008 0.32164214880212 0.4
"326" 0.787561530648217 0.767219615885497 0.810105599189272 0.32164214880212 0.8
"327" 0.646313792973152 0.849547343327241 0.740599424456121 0.360795757736647 0.6
"328" 0.834387518869721 0.734371023668687 0.456874196298115 0.49197694201032 0.8
"329" 0.771321404383905 0.712602034807392 0.421710547869801 0.156692820308098 0.4
"330" 0.194870940738489 0.688091616759741 0.832035807750534 0.261403082406245 0.4
"331" 0.754731908139941 0.59456749775507 0.450907375264168 0.510019606035228 0.6
"332" 0.927771250724491 0.71685276701052 0.616481749354921 0.341316838923197 0.6
"333" 0.194870940738489 0.738885783097605 0.616481749354921 0.510019606035228 0.6
"334" 0.893010836681381 0.692063606681291 0.843434255707951 0.240904306737755 0.4
"335" 0.573684516132894 0.668857845270967 0.71351356259191 0.199251348355558 0.6
"336" 0.787561530648217 0.721153804904132 0.410312880726068 0.281689431707104 0.4
"337" 0.71156806696482 0.895446708938024 0.949357586376027 0.82457387703257 0.8
"338" 0.490414446273684 0.734371023668687 0.240495341762506 0.240904306737755 0.4
"339" 0.405656211619293 0.85576003239515 0.799532506103631 0.32164214880212 0.6
"340" 0.490414446273684 0.752776650730317 0.663020978316655 0.436829205373675 0.4
"341" 0.573684516132894 0.725506353457643 0.278958557206555 0.32164214880212 0.4
"342" 0.337526370277807 0.692063606681291 0.573091162707752 0.45538493851146 0.8
"343" 0.893010836681381 0.782260388201482 0.879677014649635 0.380082762899733 0.4
"344" 0.626422431982715 0.743457333441603 0.468942949634123 0.240904306737755 0.6
"345" 0.893010836681381 0.70014023818203 0.587243392199803 0.49197694201032 0.6
"346" 0.225017580185205 1 0.965267970042682 0.220188608780942 0.4
"347" 0.159111456835146 0.672624028821811 0.905897178570416 0.527897494571721 0.2
"348" 0.779483762953957 0.576690117095038 0.573091162707752 0.281689431707104 0.6
"349" 0.490414446273684 0.762341241158298 0.647114731337652 0.809219953705069 0.6
"350" 0.779483762953957 0.825707095966108 0.769179566375217 0.199251348355558 0.6
"351" 0.754731908139941 0.803334897903573 0.919765497616754 0.746570921242214 0.8
"352" 0.515580046947248 0.738885783097605 0.679363255225196 0.240904306737755 0.4
"353" 0.55117825460955 0.708400445118073 0.740599424456121 0.380082762899733 0.4
"354" 0.225017580185205 0.792644907821717 0.879677014649635 0.220188608780942 0.6
"355" 0.584612822215468 0.623149041646713 0.334453425336898 0.199251348355558 0.4
"356" 0.656033342777212 0.729911661459648 0.892552763522339 0.4737664368408 0.6
"357" 0.225017580185205 0.59456749775507 0.525704951500799 0.510019606035228 0.6
"358" 0.787561530648217 0.772164365091982 0.616481749354921 0.240904306737755 0.4
"359" 0 0.64353383059897 0.722390365774633 0.4737664368408 0.6
"360" 0.754731908139941 0.762341241158298 0.810105599189272 0.681850475119814 0.8
"361" 0.656033342777212 0.831522155387879 0.799532506103631 0.510019606035228 0.6
"362" 0.194870940738489 0.743457333441603 0.587243392199803 0.563170794626325 0.2
"363" 0.194870940738489 0.696079486882504 0.820933575344008 0.261403082406245 0.4
"364" 0.927771250724491 0.0976791757782541 0.444984268971041 0.199251348355558 0.4
"365" 0.515580046947248 0.947992365221557 0.120229892861146 0.240904306737755 0.4
"366" 0.318222913670292 0.819983616098888 0.687709551082882 0.281689431707104 0.4
"367" 0.539573202175876 0.777177319883788 0.799532506103631 0.563170794626325 0.6
"368" 0.787561530648217 0.808800165709973 0.679363255225196 0.69823228777992 0.8
"369" 0.225017580185205 0.752776650730317 0.749947958653192 0.220188608780942 0.6
"370" 0.71156806696482 0.665130289924475 0.759471277199048 0.281689431707104 0.4
"371" 0.515580046947248 0.782260388201482 0.740599424456121 0.281689431707104 0.4
"372" 0.787561530648217 0.676429649566587 0.78919710171163 0.545613590043203 0.4
"373" 0.729140294881755 0.712602034807392 0.832035807750534 0.597819755594479 0.6
"374" 0.318222913670292 0.75752748256787 0.779084042081697 0.135061493153596 0.4
"375" 0.112508790092602 0.748087121660947 0.655015524850102 0.648669762318418 0.8
"376" 0.490414446273684 0.762341241158298 0.587243392199803 0.341316838923197 0.6
"377" 0.914025731571428 0.767219615885497 0.587243392199803 0.135061493153596 0
"378" 0.754731908139941 0.772164365091982 0.905897178570416 0.793744654230399 1
"379" 0.225017580185205 0.71685276701052 0.573091162707752 0.240904306737755 0.4
"380" 0.746298884708034 0.71685276701052 0.799532506103631 0.240904306737755 0.4
"381" 0.841938691053969 0.50323142545765 0.892552763522339 0.631866095289914 0.6
"382" 0 0.81434887593674 0.552393781596954 0.631866095289914 0.4
"383" 0.405656211619293 0.868513392181208 0.740599424456121 0.762422142981882 0.6
"384" 0.646313792973152 0.738885783097605 0.08287015353909 0.240904306737755 0.4
"385" 0.573684516132894 0.153054743607648 0.559224925314669 0.220188608780942 0.4
"386" 0.605878376899965 0.570921210884367 0.867223768208949 0.563170794626325 0.4
"387" 0.539573202175876 0.676429649566587 0.655015524850102 0.281689431707104 0.4
"388" 0.729140294881755 0.738885783097605 0.749947958653192 0.220188608780942 0.6
"389" 0.729140294881755 0.382987922585351 0.892552763522339 0.240904306737755 0.6
"390" 0.405656211619293 0.75752748256787 0.820933575344008 0.360795757736647 0.4
"391" 0.763071740410204 0.680275542178024 0.949357586376027 0.730590300342702 0.8
"392" 0.702617168930528 0.819983616098888 0.71351356259191 0.380082762899733 0.4
"393" 0 0.721153804904132 0.78919710171163 0.32164214880212 0.6
"394" 0.35578403348241 0.75752748256787 0.587243392199803 0.220188608780942 0.6
"395" 0.803473472028271 0.64353383059897 0.78919710171163 0.360795757736647 0.6
"396" 0.225017580185205 0.688091616759741 0.538925775350605 0.30176771222008 0.4
"397" 0 0.875061919985766 0.919765497616754 0.839808313364644 0.6
"398" 0.665610978487843 0.704246874647997 0.647114731337652 0.178087734783251 0.4
"399" 0.693550761103935 0.825707095966108 0.832035807750534 0.69823228777992 0.8
"400" 0.729140294881755 0.522749321054813 0.58013041968963 0.32164214880212 0
"401" 0.297670278893794 0.692063606681291 0.810105599189272 0.580571933104292 0.6
"402" 0.907074864675779 0.738885783097605 0.98208969565326 0.527897494571721 0.4
"403" 0.112508790092602 0.787415559179925 0.892552763522339 0.527897494571721 0.2
"404" 0.275589127304775 0.743457333441603 0.949357586376027 0.30176771222008 0.4
"405" 0.55117825460955 0.75752748256787 0.221798273368364 0.220188608780942 0.4
"406" 0.893010836681381 0.772164365091982 0.78919710171163 0.510019606035228 0.6
"407" 0.373149442354017 0.684162568110802 0.609048914839148 0.240904306737755 0.6
"408" 0.159111456835146 0.792644907821717 0.59443244577537 0.527897494571721 0.4
"409" 0.35578403348241 0.734371023668687 0.344905141083111 0.341316838923197 0.4
"410" 0.803473472028271 0.134503687225598 0.487399758303867 0.135061493153596 0.4
"411" 0.318222913670292 0.803334897903573 0.704778815762641 0.527897494571721 0.2
"412" 0.819076355384141 0.767219615885497 0.843434255707951 0.69823228777992 0.8
"413" 0.503154605426628 0.712602034807392 0.71351356259191 0.341316838923197 0.4
"414" 0.515580046947248 0.932188420517078 0.58013041968963 0.281689431707104 0.6
"415" 0.841938691053969 0.738885783097605 0.855153975404023 0.648669762318418 1
"416" 0.729140294881755 0.792644907821717 0.855153975404023 0.746570921242214 0.6
"417" 0.318222913670292 0.696079486882504 0.609048914839148 0.436829205373675 0.4
"418" 0.159111456835146 0.752776650730317 0.679363255225196 0.49197694201032 0.6
"419" 0 0.424516771227534 0.601700075244073 0.220188608780942 0.6
"420" 0.787561530648217 0.849547343327241 0.905897178570416 0.436829205373675 0.8
"421" 0.45003516037041 0.792644907821717 0.769179566375217 0.360795757736647 0.8
"422" 0.562543950463012 0.734371023668687 0.655015524850102 0.135061493153596 0.6
"423" 1 0.591526195820528 0.399066196062592 0.854925108088018 0.4
"424" 0.112508790092602 0.843439074159581 0.759471277199048 0.30176771222008 0.6
"425" 0.527713002169008 0.762341241158298 0.377002759040287 0.240904306737755 0.6
"426" 0.636445827340584 0.787415559179925 0.439103930466651 0.839808313364644 0.6
"427" 0.503154605426628 0.75752748256787 0.655015524850102 0.220188608780942 0.4
"428" 0.490414446273684 0.484708514503008 0.487399758303867 0.527897494571721 0.4
"429" 0.787561530648217 0.721153804904132 0.410312880726068 0.281689431707104 0.4
"430" 0.626422431982715 0.792644907821717 0.185380156005387 0.199251348355558 0.4
"431" 0.811312423238586 0.696079486882504 0.78919710171163 0.418095902714343 0.4
"432" 0.55117825460955 0.748087121660947 0.10347648359982 0.240904306737755 0.4
"433" 0.435744670330595 0.650591012734727 0.704778815762641 0.341316838923197 0.4
"434" 0.477334370505438 0.973066683243185 0.274068541742796 0.839808313364644 0.8
"435" 0.787561530648217 0.704246874647997 0.616481749354921 0.156692820308098 0.4
"436" 0.297670278893794 0.657787950096322 0.51918308436093 0.648669762318418 0.6
"437" 0.684364252704469 0.767219615885497 0.298767508619514 0.178087734783251 0.4
"438" 0 0.738885783097605 0.679363255225196 0.220188608780942 0.4
"439" 0 0.668857845270967 0.647114731337652 0.178087734783251 0.6
"440" 0.779483762953957 0.81434887593674 0.843434255707951 0.580571933104292 0.6
"441" 0.79555728417573 0.633198533361192 0.810105599189272 0.665330417680936 0.6
"442" 0.503154605426628 0.665130289924475 0.318993627879382 0.178087734783251 0.4
"443" 0.420969345526985 0.712602034807392 0.722390365774633 0.436829205373675 0.4
"444" 0.337526370277807 0.917043168263529 0.283873084486783 0.854925108088018 0.4
"445" 0.405656211619293 0.71685276701052 0.779084042081697 0.178087734783251 0.6
"446" 0.194870940738489 0.752776650730317 0.740599424456121 0.341316838923197 0.4
"447" 0.373149442354017 0.772164365091982 0.655015524850102 0.199251348355558 0.4
"448" 0.646313792973152 0.797950600011804 0.26920267494633 0.82457387703257 0.6
"449" 0.55117825460955 0.361457094584687 0.879677014649635 0.135061493153596 0.6
"450" 0.737769474475838 0.803334897903573 0.566123375817332 0.681850475119814 0.6
"451" 0.477334370505438 0.743457333441603 0.512718180032647 0.220188608780942 0.4
"452" 0.980828892547368 0 0.601700075244073 0.220188608780942 0.4
"453" 0.803473472028271 0.782260388201482 0.339664436663384 0.665330417680936 0.8
"454" 0.636445827340584 0.803334897903573 0.769179566375217 0.418095902714343 0.4
"455" 0.318222913670292 0.849547343327241 0.71351356259191 0.380082762899733 0.6
"456" 0.900070320740819 0.849547343327241 0.879677014649635 0.380082762899733 0.6
"457" 0.834387518869721 0.777177319883788 0.779084042081697 0.510019606035228 0.6
"458" 0.539573202175876 0.752776650730317 0.601700075244073 0.199251348355558 0.4
"459" 0.754731908139941 0.762341241158298 0.810105599189272 0.681850475119814 0.8
"460" 0.616236022513321 0.556887287370919 0.49995345375539 0.380082762899733 0.4
"461" 0.675052740555614 0.819983616098888 0.399066196062592 0.527897494571721 0.8
"462" 0 0.808800165709973 0.879677014649635 0.839808313364644 0.4
"463" 0.779483762953957 0.808800165709973 0.949357586376027 0.510019606035228 0.6
"464" 0 0.704246874647997 0.655015524850102 0.199251348355558 0.4
"465" 0.539573202175876 0.650591012734727 0.318993627879382 0.360795757736647 0.4
"466" 0.297670278893794 0.712602034807392 0.58013041968963 0.341316838923197 0.4
"467" 0.675052740555614 0.734371023668687 0.601700075244073 0.178087734783251 0.4
"468" 0.297670278893794 0.85576003239515 0.587243392199803 0.4737664368408 0.6
"469" 0.754731908139941 0.738885783097605 0.905897178570416 0.597819755594479 0.6
"470" 0.79555728417573 0.729911661459648 0.704778815762641 0.4737664368408 0.6
"471" 0.636445827340584 0.738885783097605 0.176466970648331 0.281689431707104 0.4
"472" 0.527713002169008 0.752776650730317 0.468942949634123 0.178087734783251 0.4
"473" 0.763071740410204 0.772164365091982 0.749947958653192 0.240904306737755 0.4
"474" 0.595340557787587 0.808800165709973 0.722390365774633 0.281689431707104 0.8
"475" 0.754731908139941 0.738885783097605 0.905897178570416 0.597819755594479 0.6
"476" 0.636445827340584 0.738885783097605 0.512718180032647 0.39918159915904 0.4
"477" 0.754731908139941 0.762341241158298 0.810105599189272 0.681850475119814 0.8
"478" 0.389741881476979 0.808800165709973 0.740599424456121 0.510019606035228 0.6
"479" 0.79555728417573 0.808800165709973 0.810105599189272 0.178087734783251 0.6
"480" 0.737769474475838 0.729911661459648 0.371572567378153 0.281689431707104 0.6
"481" 0.275589127304775 0.743457333441603 0.631611370442549 0.360795757736647 0.6
"482" 0 0.792644907821717 0.98208969565326 0.418095902714343 0.2
"483" 0 0.743457333441603 0.532285314236051 0.597819755594479 0.6
"484" 0.515580046947248 0.712602034807392 0.444984268971041 0.360795757736647 0.6
"485" 0.573684516132894 0.668857845270967 0.71351356259191 0.199251348355558 0.6
"486" 0.225017580185205 0.75752748256787 0.339664436663384 0.240904306737755 0.4
"487" 0.405656211619293 0.748087121660947 0.493650879947444 0.49197694201032 0.6
"488" 0.490414446273684 0.680275542178024 0.444984268971041 0.341316838923197 0.6
"489" 0.435744670330595 0.75752748256787 0.545628012187509 0.199251348355558 0.4
"490" 0.251577302713314 0.837431772754848 0.573091162707752 0.281689431707104 0
"491" 0.779483762953957 0.772164365091982 0.360810622834665 0.261403082406245 0.2
"492" 0.539573202175876 0.729911661459648 0.843434255707951 0.199251348355558 0.6
"493" 0.225017580185205 0.947992365221557 0.355477697957986 0.436829205373675 0.2
"494" 0.584612822215468 0.803334897903573 0.609048914839148 0.69823228777992 0.6
"495" 0.737769474475838 0.75752748256787 0.339664436663384 0.360795757736647 0.6
"496" 0.787561530648217 0.787415559179925 0.587243392199803 0.261403082406245 0.2
"497" 0.754731908139941 0.777177319883788 0.506308771525534 0.69823228777992 0.6
"498" 0.405656211619293 0.75752748256787 0.671135364541484 0.30176771222008 0.4
"499" 0.787561530648217 0.762341241158298 0.740599424456121 0.418095902714343 0.4
"500" 0.477334370505438 0.743457333441603 0.350176052042464 0.199251348355558 0.6
